30 30
50 30
70 30
90 30
110 30
130 30
150 30
170 30
190 30
210 30
230 30
250 30
270 30
290 30
310 30
330 30
350 30
370 30
390 30
410 30
430 30
450 30
470 30
490 30
510 30
530 30
550 30
570 30
590 30
610 30
630 30
650 30
670 30
690 30
710 30
730 30
750 30
770 30
790 30
810 30
830 30
850 30
870 30
890 30
910 30
930 30
950 30
970 30
990 30
1010 30
1030 30
1050 30
1070 30
1090 30
1110 30
1130 30
1150 30
1170 30
1190 30
1210 30
1230 30
1250 30
30 50
50 50
70 50
90 50
110 50
130 50
150 50
170 50
190 50
210 50
230 50
250 50
270 50
290 50
310 50
330 50
350 50
370 50
390 50
410 50
430 50
450 50
470 50
490 50
510 50
530 50
550 50
570 50
590 50
610 50
630 50
650 50
670 50
790 50
810 50
830 50
850 50
870 50
890 50
910 50
930 50
950 50
970 50
990 50
1010 50
1030 50
1050 50
1070 50
1090 50
1110 50
1130 50
1150 50
1170 50
1190 50
1210 50
1230 50
1250 50
30 70
50 70
170 70
190 70
330 70
350 70
370 70
470 70
490 70
510 70
530 70
610 70
630 70
650 70
670 70
790 70
810 70
830 70
850 70
870 70
930 70
950 70
970 70
990 70
1010 70
1030 70
1050 70
1070 70
1090 70
1110 70
1130 70
1150 70
1170 70
1190 70
1210 70
1230 70
1250 70
30 90
170 90
190 90
330 90
350 90
370 90
470 90
490 90
510 90
530 90
610 90
630 90
650 90
670 90
790 90
810 90
830 90
850 90
870 90
930 90
950 90
970 90
990 90
1010 90
1110 90
1130 90
1150 90
1170 90
1190 90
1210 90
1230 90
1250 90
30 110
170 110
190 110
330 110
350 110
370 110
470 110
490 110
510 110
530 110
610 110
630 110
650 110
670 110
790 110
810 110
830 110
850 110
870 110
930 110
950 110
970 110
990 110
1010 110
1110 110
1130 110
1150 110
1170 110
1190 110
1210 110
1230 110
1250 110
30 130
170 130
190 130
210 130
230 130
250 130
270 130
290 130
310 130
330 130
350 130
370 130
470 130
490 130
510 130
530 130
610 130
630 130
650 130
670 130
790 130
810 130
830 130
850 130
870 130
930 130
950 130
970 130
990 130
1010 130
1030 130
1050 130
1070 130
1090 130
1110 130
1130 130
1150 130
1170 130
1190 130
1210 130
1230 130
1250 130
30 150
50 150
70 150
90 150
110 150
130 150
150 150
170 150
190 150
210 150
230 150
250 150
270 150
290 150
310 150
330 150
350 150
370 150
390 150
410 150
430 150
450 150
470 150
490 150
510 150
530 150
610 150
630 150
650 150
670 150
690 150
710 150
730 150
750 150
770 150
790 150
810 150
830 150
850 150
870 150
890 150
910 150
930 150
950 150
970 150
990 150
1010 150
1030 150
1050 150
1070 150
1090 150
1110 150
1130 150
1150 150
1170 150
1190 150
1210 150
1230 150
1250 150
30 170
50 170
70 170
90 170
110 170
130 170
150 170
170 170
190 170
210 170
230 170
250 170
270 170
290 170
310 170
330 170
350 170
370 170
390 170
410 170
430 170
450 170
470 170
490 170
510 170
530 170
550 170
570 170
590 170
610 170
630 170
650 170
670 170
690 170
710 170
730 170
750 170
770 170
790 170
810 170
830 170
850 170
870 170
890 170
910 170
930 170
950 170
970 170
990 170
1010 170
1030 170
1050 170
1070 170
1090 170
1110 170
1130 170
1150 170
1170 170
1190 170
1210 170
1230 170
1250 170
30 190
50 190
70 190
90 190
110 190
130 190
150 190
170 190
190 190
210 190
230 190
250 190
270 190
290 190
310 190
330 190
350 190
370 190
390 190
410 190
430 190
450 190
470 190
490 190
510 190
530 190
550 190
570 190
590 190
610 190
630 190
650 190
670 190
690 190
710 190
730 190
750 190
770 190
790 190
810 190
830 190
850 190
870 190
930 190
950 190
970 190
990 190
1010 190
1030 190
1050 190
1070 190
1090 190
1110 190
1130 190
1150 190
1170 190
1190 190
1210 190
1230 190
1250 190
30 210
50 210
70 210
90 210
110 210
130 210
150 210
170 210
190 210
210 210
230 210
250 210
270 210
290 210
310 210
330 210
350 210
370 210
390 210
450 210
470 210
490 210
510 210
530 210
610 210
630 210
650 210
670 210
690 210
710 210
730 210
750 210
770 210
790 210
810 210
830 210
850 210
870 210
930 210
950 210
970 210
990 210
1010 210
1030 210
1050 210
1070 210
1090 210
1110 210
1130 210
1150 210
1170 210
1190 210
1210 210
1230 210
1250 210
30 230
50 230
130 230
150 230
170 230
190 230
210 230
290 230
310 230
330 230
350 230
370 230
390 230
450 230
470 230
490 230
510 230
530 230
610 230
630 230
650 230
670 230
690 230
710 230
730 230
750 230
770 230
790 230
810 230
830 230
850 230
870 230
930 230
950 230
970 230
990 230
1010 230
1030 230
1050 230
1070 230
1090 230
1110 230
1130 230
1150 230
1170 230
1190 230
1210 230
1230 230
1250 230
30 250
50 250
130 250
150 250
170 250
190 250
210 250
290 250
310 250
330 250
350 250
370 250
390 250
450 250
470 250
490 250
510 250
530 250
610 250
630 250
650 250
670 250
810 250
830 250
850 250
870 250
890 250
930 250
950 250
970 250
990 250
1010 250
1030 250
1090 250
1110 250
1130 250
1150 250
1170 250
1190 250
1210 250
1230 250
1250 250
30 270
50 270
130 270
150 270
170 270
190 270
210 270
290 270
310 270
330 270
350 270
370 270
390 270
450 270
470 270
490 270
510 270
530 270
610 270
630 270
650 270
670 270
810 270
830 270
850 270
870 270
930 270
950 270
970 270
990 270
1010 270
1030 270
1090 270
1110 270
1130 270
1190 270
1250 270
30 290
50 290
130 290
150 290
170 290
190 290
210 290
230 290
250 290
270 290
290 290
310 290
330 290
350 290
370 290
390 290
450 290
470 290
490 290
510 290
530 290
610 290
630 290
650 290
670 290
690 290
710 290
730 290
750 290
770 290
790 290
810 290
830 290
850 290
870 290
930 290
950 290
970 290
990 290
1010 290
1030 290
1050 290
1070 290
1090 290
1110 290
1130 290
1250 290
30 310
50 310
70 310
90 310
110 310
130 310
150 310
170 310
190 310
210 310
230 310
250 310
270 310
290 310
310 310
330 310
350 310
370 310
390 310
410 310
430 310
450 310
470 310
490 310
510 310
530 310
550 310
570 310
590 310
610 310
630 310
650 310
670 310
690 310
710 310
730 310
750 310
770 310
790 310
810 310
830 310
850 310
870 310
930 310
950 310
970 310
990 310
1010 310
1030 310
1050 310
1070 310
1090 310
1110 310
1130 310
1150 310
1170 310
1190 310
1210 310
1230 310
1250 310
1270 310
10 330
30 330
50 330
70 330
90 330
110 330
130 330
150 330
170 330
190 330
210 330
230 330
250 330
270 330
290 330
310 330
330 330
350 330
370 330
390 330
410 330
430 330
450 330
470 330
490 330
510 330
530 330
550 330
570 330
590 330
610 330
630 330
650 330
670 330
690 330
710 330
730 330
750 330
770 330
790 330
810 330
830 330
850 330
870 330
890 330
910 330
930 330
950 330
970 330
990 330
1010 330
1030 330
1050 330
1070 330
1090 330
1110 330
1130 330
1150 330
1170 330
1190 330
1210 330
1230 330
1250 330
1270 330
10 350
30 350
50 350
70 350
90 350
110 350
130 350
150 350
170 350
190 350
210 350
230 350
250 350
270 350
290 350
310 350
330 350
350 350
370 350
390 350
410 350
430 350
450 350
470 350
490 350
510 350
530 350
550 350
570 350
590 350
610 350
630 350
650 350
670 350
690 350
710 350
730 350
750 350
770 350
790 350
810 350
830 350
850 350
870 350
890 350
910 350
930 350
950 350
970 350
990 350
1010 350
1030 350
1050 350
1070 350
1090 350
1110 350
1130 350
1150 350
1170 350
1190 350
1210 350
1230 350
1250 350
1270 350
10 370
30 370
50 370
70 370
90 370
110 370
130 370
150 370
170 370
190 370
210 370
230 370
250 370
270 370
290 370
310 370
330 370
350 370
370 370
390 370
410 370
430 370
450 370
470 370
490 370
510 370
530 370
550 370
570 370
590 370
610 370
630 370
650 370
670 370
690 370
710 370
730 370
750 370
770 370
790 370
810 370
830 370
850 370
870 370
890 370
910 370
930 370
950 370
970 370
990 370
1010 370
1030 370
1050 370
1070 370
1090 370
1110 370
1130 370
1150 370
1170 370
1190 370
1210 370
1230 370
1250 370
1270 370
10 390
30 390
50 390
70 390
90 390
110 390
130 390
150 390
170 390
190 390
210 390
230 390
250 390
270 390
290 390
310 390
330 390
350 390
370 390
390 390
410 390
430 390
450 390
470 390
490 390
510 390
530 390
550 390
570 390
590 390
610 390
630 390
650 390
670 390
690 390
710 390
730 390
750 390
770 390
790 390
810 390
830 390
850 390
870 390
890 390
910 390
930 390
950 390
970 390
990 390
1010 390
1030 390
1050 390
1070 390
1090 390
1110 390
1130 390
1150 390
1170 390
1190 390
1210 390
1230 390
1250 390
1270 390
10 410
30 410
50 410
70 410
90 410
110 410
130 410
150 410
170 410
190 410
210 410
230 410
250 410
270 410
290 410
310 410
330 410
350 410
370 410
390 410
410 410
430 410
450 410
470 410
490 410
510 410
530 410
550 410
570 410
590 410
610 410
630 410
650 410
670 410
690 410
710 410
730 410
750 410
770 410
790 410
810 410
830 410
850 410
870 410
890 410
910 410
930 410
950 410
970 410
990 410
1010 410
1030 410
1050 410
1070 410
1090 410
1110 410
1130 410
1150 410
1170 410
1190 410
1210 410
1230 410
1250 410
1270 410
10 430
30 430
50 430
70 430
90 430
110 430
130 430
150 430
170 430
190 430
210 430
230 430
250 430
270 430
290 430
310 430
330 430
350 430
370 430
390 430
410 430
430 430
450 430
470 430
490 430
510 430
530 430
550 430
570 430
590 430
610 430
630 430
650 430
670 430
690 430
710 430
730 430
750 430
770 430
790 430
810 430
830 430
850 430
870 430
890 430
910 430
930 430
950 430
970 430
990 430
1010 430
1030 430
1050 430
1070 430
1090 430
1110 430
1130 430
1150 430
1170 430
1190 430
1210 430
1230 430
1250 430
1270 430
10 450
30 450
50 450
70 450
90 450
110 450
130 450
150 450
170 450
190 450
210 450
230 450
250 450
270 450
290 450
310 450
330 450
350 450
370 450
390 450
410 450
430 450
450 450
470 450
490 450
510 450
530 450
550 450
570 450
590 450
610 450
630 450
650 450
670 450
690 450
710 450
730 450
750 450
770 450
790 450
810 450
830 450
850 450
870 450
890 450
910 450
930 450
950 450
970 450
990 450
1010 450
1030 450
1050 450
1070 450
1090 450
1110 450
1130 450
1150 450
1170 450
1190 450
1210 450
1230 450
1250 450
1270 450
10 470
30 470
50 470
70 470
90 470
110 470
130 470
150 470
170 470
190 470
210 470
230 470
250 470
270 470
290 470
310 470
330 470
350 470
370 470
390 470
410 470
430 470
450 470
470 470
490 470
510 470
530 470
550 470
570 470
590 470
610 470
630 470
650 470
670 470
690 470
710 470
730 470
750 470
770 470
790 470
810 470
830 470
850 470
870 470
890 470
910 470
930 470
950 470
970 470
990 470
1010 470
1030 470
1050 470
1070 470
1090 470
1110 470
1130 470
1150 470
1170 470
1190 470
1210 470
1230 470
1250 470
1270 470
10 490
30 490
50 490
70 490
90 490
110 490
130 490
150 490
170 490
190 490
210 490
230 490
250 490
270 490
290 490
310 490
330 490
350 490
370 490
390 490
410 490
430 490
450 490
470 490
490 490
510 490
530 490
550 490
570 490
590 490
610 490
630 490
650 490
670 490
690 490
710 490
730 490
750 490
770 490
790 490
810 490
830 490
850 490
870 490
890 490
910 490
930 490
950 490
970 490
990 490
1010 490
1030 490
1050 490
1070 490
1090 490
1110 490
1130 490
1150 490
1170 490
1190 490
1210 490
1230 490
1250 490
1270 490
10 510
30 510
50 510
70 510
90 510
110 510
130 510
150 510
170 510
190 510
210 510
230 510
250 510
270 510
290 510
310 510
330 510
350 510
370 510
390 510
410 510
430 510
450 510
470 510
490 510
510 510
530 510
550 510
570 510
590 510
610 510
630 510
650 510
670 510
690 510
710 510
730 510
750 510
770 510
790 510
810 510
830 510
850 510
870 510
890 510
910 510
930 510
950 510
970 510
990 510
1010 510
1030 510
1050 510
1070 510
1090 510
1110 510
1130 510
1150 510
1170 510
1190 510
1210 510
1230 510
1250 510
1270 510
10 530
30 530
50 530
70 530
90 530
110 530
130 530
150 530
170 530
190 530
210 530
230 530
250 530
270 530
290 530
310 530
330 530
350 530
370 530
390 530
410 530
430 530
450 530
470 530
490 530
510 530
530 530
550 530
570 530
590 530
610 530
630 530
650 530
670 530
690 530
710 530
730 530
750 530
770 530
790 530
810 530
830 530
850 530
870 530
890 530
910 530
930 530
950 530
970 530
990 530
1010 530
1030 530
1050 530
1070 530
1090 530
1110 530
1130 530
1150 530
1170 530
1190 530
1210 530
1230 530
1250 530
1270 530
10 550
30 550
50 550
70 550
90 550
110 550
130 550
150 550
170 550
190 550
210 550
230 550
250 550
270 550
290 550
310 550
330 550
350 550
370 550
390 550
410 550
430 550
450 550
470 550
490 550
510 550
530 550
550 550
570 550
590 550
610 550
630 550
650 550
670 550
690 550
710 550
730 550
750 550
770 550
790 550
810 550
830 550
850 550
870 550
890 550
910 550
930 550
950 550
970 550
990 550
1010 550
1030 550
1050 550
1070 550
1090 550
1110 550
1130 550
1150 550
1170 550
1190 550
1210 550
1230 550
1250 550
1270 550
10 570
30 570
50 570
70 570
90 570
110 570
130 570
150 570
170 570
190 570
210 570
230 570
250 570
270 570
290 570
310 570
330 570
350 570
370 570
390 570
410 570
430 570
450 570
470 570
490 570
510 570
530 570
550 570
570 570
590 570
610 570
630 570
650 570
670 570
690 570
710 570
730 570
750 570
770 570
790 570
810 570
830 570
850 570
870 570
890 570
910 570
930 570
950 570
970 570
990 570
1010 570
1030 570
1050 570
1070 570
1090 570
1110 570
1130 570
1150 570
1170 570
1190 570
1210 570
1230 570
1250 570
1270 570
10 590
30 590
50 590
70 590
90 590
110 590
130 590
150 590
170 590
190 590
210 590
230 590
250 590
270 590
290 590
310 590
330 590
350 590
370 590
390 590
410 590
430 590
450 590
470 590
490 590
510 590
530 590
550 590
570 590
590 590
610 590
630 590
650 590
670 590
690 590
710 590
730 590
750 590
770 590
790 590
810 590
830 590
850 590
870 590
890 590
910 590
930 590
950 590
970 590
990 590
1010 590
1030 590
1050 590
1070 590
1090 590
1110 590
1130 590
1150 590
1170 590
1190 590
1210 590
1230 590
1250 590
1270 590
10 610
30 610
50 610
70 610
90 610
110 610
130 610
150 610
170 610
190 610
210 610
230 610
250 610
270 610
290 610
310 610
330 610
350 610
370 610
390 610
410 610
430 610
450 610
470 610
490 610
510 610
530 610
550 610
570 610
590 610
610 610
630 610
650 610
670 610
690 610
710 610
730 610
750 610
770 610
790 610
810 610
830 610
850 610
870 610
890 610
910 610
930 610
950 610
970 610
990 610
1010 610
1030 610
1050 610
1070 610
1090 610
1110 610
1130 610
1150 610
1170 610
1190 610
1210 610
1230 610
1250 610
1270 610
10 630
30 630
50 630
70 630
90 630
110 630
130 630
150 630
170 630
190 630
210 630
230 630
250 630
270 630
290 630
310 630
330 630
350 630
370 630
390 630
410 630
430 630
450 630
470 630
490 630
510 630
530 630
550 630
570 630
590 630
610 630
630 630
650 630
670 630
690 630
710 630
730 630
750 630
770 630
790 630
810 630
830 630
850 630
870 630
890 630
910 630
930 630
950 630
970 630
990 630
1010 630
1030 630
1050 630
1070 630
1090 630
1110 630
1130 630
1150 630
1170 630
1190 630
1210 630
1230 630
1250 630
1270 630
10 650
30 650
50 650
70 650
90 650
110 650
130 650
150 650
170 650
190 650
210 650
230 650
250 650
270 650
290 650
310 650
330 650
350 650
370 650
390 650
410 650
430 650
450 650
470 650
490 650
510 650
530 650
550 650
570 650
590 650
610 650
630 650
650 650
670 650
690 650
710 650
730 650
750 650
770 650
790 650
810 650
830 650
850 650
870 650
890 650
910 650
930 650
950 650
970 650
990 650
1010 650
1030 650
1050 650
1070 650
1090 650
1110 650
1130 650
1150 650
1170 650
1190 650
1210 650
1230 650
1250 650
1270 650
10 670
30 670
50 670
70 670
90 670
110 670
130 670
150 670
170 670
190 670
210 670
230 670
250 670
270 670
290 670
310 670
330 670
350 670
370 670
390 670
410 670
430 670
450 670
470 670
490 670
510 670
530 670
550 670
570 670
590 670
610 670
630 670
650 670
670 670
690 670
710 670
730 670
750 670
770 670
790 670
810 670
830 670
850 670
870 670
890 670
910 670
930 670
950 670
970 670
990 670
1010 670
1030 670
1050 670
1070 670
1090 670
1110 670
1130 670
1150 670
1170 670
1190 670
1210 670
1230 670
1250 670
1270 670
10 690
30 690
50 690
70 690
90 690
110 690
130 690
150 690
170 690
190 690
210 690
230 690
250 690
270 690
290 690
310 690
330 690
350 690
370 690
390 690
410 690
430 690
450 690
470 690
490 690
510 690
530 690
550 690
570 690
590 690
610 690
630 690
650 690
670 690
690 690
710 690
730 690
750 690
770 690
790 690
810 690
830 690
850 690
870 690
890 690
910 690
930 690
950 690
970 690
990 690
1010 690
1030 690
1050 690
1070 690
1090 690
1110 690
1130 690
1150 690
1170 690
1190 690
1210 690
1230 690
1250 690
1270 690
10 710
30 710
50 710
70 710
90 710
110 710
130 710
150 710
170 710
190 710
210 710
230 710
250 710
270 710
290 710
310 710
330 710
350 710
370 710
390 710
410 710
430 710
450 710
470 710
490 710
510 710
530 710
550 710
570 710
590 710
610 710
630 710
650 710
670 710
690 710
710 710
730 710
750 710
770 710
790 710
810 710
830 710
850 710
870 710
890 710
910 710
930 710
950 710
970 710
990 710
1010 710
1030 710
1050 710
1070 710
1090 710
1110 710
1130 710
1150 710
1170 710
1190 710
1210 710
1230 710
1250 710
1270 710

0 1 1
0 62 1
1 0 1
1 2 1
1 63 1
2 1 1
2 3 1
2 64 1
3 2 1
3 4 1
3 65 1
4 3 1
4 5 1
4 66 1
5 4 1
5 6 1
5 67 1
6 5 1
6 7 1
6 68 1
7 6 1
7 8 1
7 69 1
8 7 1
8 9 1
8 70 1
9 8 1
9 10 1
9 71 1
10 9 1
10 11 1
10 72 1
11 10 1
11 12 1
11 73 1
12 11 1
12 13 1
12 74 1
13 12 1
13 14 1
13 75 1
14 13 1
14 15 1
14 76 1
15 14 1
15 16 1
15 77 1
16 15 1
16 17 1
16 78 1
17 16 1
17 18 1
17 79 1
18 17 1
18 19 1
18 80 1
19 18 1
19 20 1
19 81 1
20 19 1
20 21 1
20 82 1
21 20 1
21 22 1
21 83 1
22 21 1
22 23 1
22 84 1
23 22 1
23 24 1
23 85 1
24 23 1
24 25 1
24 86 1
25 24 1
25 26 1
25 87 1
26 25 1
26 27 1
26 88 1
27 26 1
27 28 1
27 89 1
28 27 1
28 29 1
28 90 1
29 28 1
29 30 1
29 91 1
30 29 1
30 31 1
30 92 1
31 30 1
31 32 1
31 93 1
32 31 1
32 33 1
32 94 1
33 32 1
33 34 1
34 33 1
34 35 1
35 34 1
35 36 1
36 35 1
36 37 1
37 36 1
37 38 1
38 37 1
38 39 1
38 95 1
39 38 1
39 40 1
39 96 1
40 39 1
40 41 1
40 97 1
41 40 1
41 42 1
41 98 1
42 41 1
42 43 1
42 99 1
43 42 1
43 44 1
43 100 1
44 43 1
44 45 1
44 101 1
45 44 1
45 46 1
45 102 1
46 45 1
46 47 1
46 103 1
47 46 1
47 48 1
47 104 1
48 47 1
48 49 1
48 105 1
49 48 1
49 50 1
49 106 1
50 49 1
50 51 1
50 107 1
51 50 1
51 52 1
51 108 1
52 51 1
52 53 1
52 109 1
53 52 1
53 54 1
53 110 1
54 53 2
54 55 2
54 111 2
55 54 2
55 56 2
55 112 2
56 55 2
56 57 2
56 113 2
57 56 2
57 58 2
57 114 2
58 57 2
58 59 2
58 115 2
59 58 2
59 60 2
59 116 2
60 59 2
60 61 2
60 117 2
61 60 2
61 118 2
62 63 1
62 0 1
62 119 1
63 62 1
63 64 1
63 1 1
63 120 1
64 63 1
64 65 1
64 2 1
65 64 1
65 66 1
65 3 1
66 65 1
66 67 1
66 4 1
67 66 1
67 68 1
67 5 1
68 67 1
68 69 1
68 6 1
69 68 1
69 70 1
69 7 1
69 121 1
70 69 1
70 71 1
70 8 1
70 122 1
71 70 1
71 72 1
71 9 1
72 71 1
72 73 1
72 10 1
73 72 1
73 74 1
73 11 1
74 73 1
74 75 1
74 12 1
75 74 1
75 76 1
75 13 1
76 75 1
76 77 1
76 14 1
77 76 1
77 78 1
77 15 1
77 123 1
78 77 1
78 79 1
78 16 1
78 124 1
79 78 1
79 80 1
79 17 1
79 125 1
80 79 1
80 81 1
80 18 1
81 80 1
81 82 1
81 19 1
82 81 1
82 83 1
82 20 1
83 82 1
83 84 1
83 21 1
84 83 1
84 85 1
84 22 1
84 126 1
85 84 1
85 86 1
85 23 1
85 127 1
86 85 1
86 87 1
86 24 1
86 128 1
87 86 1
87 88 1
87 25 1
87 129 1
88 87 1
88 89 1
88 26 1
89 88 1
89 90 1
89 27 1
90 89 1
90 91 1
90 28 1
91 90 1
91 92 1
91 29 1
91 130 1
92 91 1
92 93 1
92 30 1
92 131 1
93 92 1
93 94 1
93 31 1
93 132 1
94 93 1
94 32 1
94 133 1
95 96 1
95 38 1
95 134 1
96 95 1
96 97 1
96 39 1
96 135 1
97 96 1
97 98 1
97 40 1
97 136 1
98 97 1
98 99 1
98 41 1
98 137 1
99 98 1
99 100 1
99 42 1
99 138 1
100 99 1
100 101 1
100 43 1
101 100 1
101 102 1
101 44 1
102 101 1
102 103 1
102 45 1
102 139 1
103 102 1
103 104 1
103 46 1
103 140 1
104 103 1
104 105 1
104 47 1
104 141 1
105 104 1
105 106 1
105 48 1
105 142 1
106 105 1
106 107 1
106 49 1
106 143 1
107 106 1
107 108 1
107 50 1
107 144 1
108 107 1
108 109 1
108 51 1
108 145 1
109 108 1
109 110 1
109 52 1
109 146 1
110 109 1
110 111 1
110 53 1
110 147 1
111 110 2
111 112 2
111 54 2
111 148 2
112 111 2
112 113 2
112 55 2
112 149 2
113 112 2
113 114 2
113 56 2
113 150 2
114 113 2
114 115 2
114 57 2
114 151 2
115 114 2
115 116 2
115 58 2
115 152 2
116 115 2
116 117 2
116 59 2
116 153 2
117 116 2
117 118 2
117 60 2
117 154 2
118 117 2
118 61 2
118 155 2
119 120 1
119 62 1
119 156 1
120 119 1
120 63 1
121 122 2
121 69 2
121 157 2
122 121 2
122 70 2
122 158 2
123 124 2
123 77 2
123 159 2
124 123 2
124 125 2
124 78 2
124 160 2
125 124 2
125 79 2
125 161 2
126 127 8
126 84 8
126 162 8
127 126 8
127 128 8
127 85 8
127 163 8
128 127 8
128 129 8
128 86 8
128 164 8
129 128 8
129 87 8
129 165 8
130 131 1
130 91 1
130 166 1
131 130 1
131 132 1
131 92 1
131 167 1
132 131 1
132 133 1
132 93 1
132 168 1
133 132 1
133 94 1
133 169 1
134 135 1
134 95 1
134 170 1
135 134 1
135 136 1
135 96 1
135 171 1
136 135 1
136 137 1
136 97 1
136 172 1
137 136 1
137 138 1
137 98 1
137 173 1
138 137 1
138 99 1
138 174 1
139 140 1
139 102 1
139 175 1
140 139 1
140 141 1
140 103 1
140 176 1
141 140 1
141 142 1
141 104 1
141 177 1
142 141 1
142 143 1
142 105 1
142 178 1
143 142 1
143 144 1
143 106 1
143 179 1
144 143 1
144 145 1
144 107 1
145 144 1
145 146 1
145 108 1
146 145 1
146 147 1
146 109 1
147 146 1
147 148 1
147 110 1
148 147 2
148 149 2
148 111 2
148 180 2
149 148 2
149 150 2
149 112 2
149 181 2
150 149 2
150 151 2
150 113 2
150 182 2
151 150 2
151 152 2
151 114 2
151 183 2
152 151 2
152 153 2
152 115 2
152 184 2
153 152 2
153 154 2
153 116 2
153 185 2
154 153 2
154 155 2
154 117 2
154 186 2
155 154 2
155 118 2
155 187 2
156 119 1
156 188 1
157 158 2
157 121 2
157 189 2
158 157 2
158 122 2
158 190 2
159 160 2
159 123 2
159 191 2
160 159 2
160 161 2
160 124 2
160 192 2
161 160 2
161 125 2
161 193 2
162 163 8
162 126 8
162 194 8
163 162 8
163 164 8
163 127 8
163 195 8
164 163 8
164 165 8
164 128 8
164 196 8
165 164 8
165 129 8
165 197 8
166 167 1
166 130 1
166 198 1
167 166 1
167 168 1
167 131 1
167 199 1
168 167 1
168 169 1
168 132 1
168 200 1
169 168 1
169 133 1
169 201 1
170 171 1
170 134 1
170 202 1
171 170 1
171 172 1
171 135 1
171 203 1
172 171 1
172 173 1
172 136 1
172 204 1
173 172 1
173 174 1
173 137 1
173 205 1
174 173 1
174 138 1
174 206 1
175 176 2
175 139 2
175 207 2
176 175 2
176 177 2
176 140 2
176 208 2
177 176 2
177 178 2
177 141 2
177 209 2
178 177 2
178 179 2
178 142 2
178 210 2
179 178 2
179 143 2
179 211 2
180 181 2
180 148 2
180 212 2
181 180 2
181 182 2
181 149 2
181 213 2
182 181 2
182 183 2
182 150 2
182 214 2
183 182 2
183 184 2
183 151 2
183 215 2
184 183 2
184 185 2
184 152 2
184 216 2
185 184 2
185 186 2
185 153 2
185 217 2
186 185 2
186 187 2
186 154 2
186 218 2
187 186 2
187 155 2
187 219 2
188 156 1
188 220 1
189 190 2
189 157 2
189 221 2
190 189 2
190 158 2
190 222 2
191 192 2
191 159 2
191 229 2
192 191 2
192 193 2
192 160 2
192 230 2
193 192 2
193 161 2
193 231 2
194 195 8
194 162 8
194 232 8
195 194 8
195 196 8
195 163 8
195 233 8
196 195 8
196 197 8
196 164 8
196 234 8
197 196 8
197 165 8
197 235 8
198 199 1
198 166 1
198 236 1
199 198 1
199 200 1
199 167 1
199 237 1
200 199 1
200 201 1
200 168 1
200 238 1
201 200 1
201 169 1
201 239 1
202 203 1
202 170 1
202 240 1
203 202 1
203 204 1
203 171 1
203 241 1
204 203 1
204 205 1
204 172 1
204 242 1
205 204 1
205 206 1
205 173 1
205 243 1
206 205 1
206 174 1
206 244 1
207 208 2
207 175 2
207 245 2
208 207 2
208 209 2
208 176 2
208 246 2
209 208 2
209 210 2
209 177 2
209 247 2
210 209 2
210 211 2
210 178 2
210 248 2
211 210 2
211 179 2
211 249 2
212 213 2
212 180 2
212 254 2
213 212 2
213 214 2
213 181 2
213 255 2
214 213 2
214 215 2
214 182 2
214 256 2
215 214 2
215 216 2
215 183 2
215 257 2
216 215 2
216 217 2
216 184 2
216 258 2
217 216 2
217 218 2
217 185 2
217 259 2
218 217 2
218 219 2
218 186 2
218 260 2
219 218 2
219 187 2
219 261 2
220 188 1
220 262 1
221 222 2
221 189 2
221 269 2
222 221 2
222 223 2
222 190 2
222 270 2
223 222 1
223 224 1
223 271 1
224 223 1
224 225 1
224 272 1
225 224 1
225 226 1
225 273 1
226 225 1
226 227 1
226 274 1
227 226 1
227 228 1
227 275 1
228 227 1
228 229 1
228 276 1
229 228 2
229 230 2
229 191 2
229 277 2
230 229 2
230 231 2
230 192 2
230 278 2
231 230 2
231 193 2
231 279 2
232 233 8
232 194 8
232 284 8
233 232 8
233 234 8
233 195 8
233 285 8
234 233 8
234 235 8
234 196 8
234 286 8
235 234 8
235 197 8
235 287 8
236 237 1
236 198 1
236 288 1
237 236 1
237 238 1
237 199 1
237 289 1
238 237 1
238 239 1
238 200 1
238 290 1
239 238 1
239 201 1
239 291 1
240 241 1
240 202 1
240 297 1
241 240 1
241 242 1
241 203 1
241 298 1
242 241 1
242 243 1
242 204 1
242 299 1
243 242 1
243 244 1
243 205 1
243 300 1
244 243 1
244 206 1
244 301 1
245 246 2
245 207 2
245 304 2
246 245 2
246 247 2
246 208 2
246 305 2
247 246 2
247 248 2
247 209 2
247 306 2
248 247 2
248 249 2
248 210 2
248 307 2
249 248 2
249 250 2
249 211 2
249 308 2
250 249 1
250 251 1
250 309 1
251 250 1
251 252 1
251 310 1
252 251 1
252 253 1
252 311 1
253 252 1
253 254 1
253 312 1
254 253 2
254 255 2
254 212 2
254 313 2
255 254 2
255 256 2
255 213 2
255 314 2
256 255 2
256 257 2
256 214 2
256 315 2
257 256 2
257 258 2
257 215 2
257 316 2
258 257 2
258 259 2
258 216 2
258 317 2
259 258 2
259 260 2
259 217 2
259 318 2
260 259 2
260 261 2
260 218 2
260 319 2
261 260 2
261 219 2
261 320 2
262 263 1
262 220 1
262 321 1
263 262 1
263 264 1
263 322 1
264 263 1
264 265 1
264 323 1
265 264 1
265 266 1
265 324 1
266 265 1
266 267 1
266 325 1
267 266 1
267 268 1
267 326 1
268 267 1
268 269 1
268 327 1
269 268 1
269 270 1
269 221 1
269 328 1
270 269 1
270 271 1
270 222 1
270 329 1
271 270 1
271 272 1
271 223 1
271 330 1
272 271 1
272 273 1
272 224 1
272 331 1
273 272 1
273 274 1
273 225 1
273 332 1
274 273 1
274 275 1
274 226 1
274 333 1
275 274 1
275 276 1
275 227 1
275 334 1
276 275 1
276 277 1
276 228 1
276 335 1
277 276 2
277 278 2
277 229 2
277 336 2
278 277 2
278 279 2
278 230 2
278 337 2
279 278 2
279 280 2
279 231 2
279 338 2
280 279 1
280 281 1
280 339 1
281 280 1
281 282 1
281 340 1
282 281 1
282 283 1
282 341 1
283 282 1
283 284 1
283 342 1
284 283 8
284 285 8
284 232 8
284 343 8
285 284 8
285 286 8
285 233 8
285 344 8
286 285 8
286 287 8
286 234 8
286 345 8
287 286 8
287 235 8
287 346 8
288 289 1
288 236 1
288 350 1
289 288 1
289 290 1
289 237 1
289 351 1
290 289 1
290 291 1
290 238 1
290 352 1
291 290 1
291 292 1
291 239 1
291 353 1
292 291 1
292 293 1
292 354 1
293 292 1
293 294 1
293 355 1
294 293 1
294 295 1
294 356 1
295 294 1
295 296 1
295 357 1
296 295 1
296 297 1
296 358 1
297 296 1
297 298 1
297 240 1
297 359 1
298 297 1
298 299 1
298 241 1
298 360 1
299 298 1
299 300 1
299 242 1
299 361 1
300 299 1
300 301 1
300 243 1
300 362 1
301 300 1
301 302 1
301 244 1
301 363 1
302 301 1
302 303 1
302 364 1
303 302 1
303 304 1
303 365 1
304 303 2
304 305 2
304 245 2
304 366 2
305 304 2
305 306 2
305 246 2
305 367 2
306 305 2
306 307 2
306 247 2
306 368 2
307 306 2
307 308 2
307 248 2
307 369 2
308 307 2
308 309 2
308 249 2
308 370 2
309 308 1
309 310 1
309 250 1
309 371 1
310 309 1
310 311 1
310 251 1
310 372 1
311 310 1
311 312 1
311 252 1
311 373 1
312 311 1
312 313 1
312 253 1
312 374 1
313 312 2
313 314 2
313 254 2
313 375 2
314 313 2
314 315 2
314 255 2
314 376 2
315 314 2
315 316 2
315 256 2
315 377 2
316 315 2
316 317 2
316 257 2
316 378 2
317 316 2
317 318 2
317 258 2
317 379 2
318 317 2
318 319 2
318 259 2
318 380 2
319 318 2
319 320 2
319 260 2
319 381 2
320 319 2
320 261 2
320 382 2
321 322 1
321 262 1
321 383 1
322 321 1
322 323 1
322 263 1
322 384 1
323 322 1
323 324 1
323 264 1
323 385 1
324 323 1
324 325 1
324 265 1
324 386 1
325 324 1
325 326 1
325 266 1
325 387 1
326 325 1
326 327 1
326 267 1
326 388 1
327 326 1
327 328 1
327 268 1
327 389 1
328 327 1
328 329 1
328 269 1
328 390 1
329 328 1
329 330 1
329 270 1
329 391 1
330 329 1
330 331 1
330 271 1
330 392 1
331 330 1
331 332 1
331 272 1
331 393 1
332 331 1
332 333 1
332 273 1
332 394 1
333 332 1
333 334 1
333 274 1
333 395 1
334 333 1
334 335 1
334 275 1
334 396 1
335 334 1
335 336 1
335 276 1
335 397 1
336 335 1
336 337 1
336 277 1
336 398 1
337 336 1
337 338 1
337 278 1
337 399 1
338 337 1
338 339 1
338 279 1
338 400 1
339 338 1
339 340 1
339 280 1
339 401 1
340 339 1
340 341 1
340 281 1
340 402 1
341 340 1
341 342 1
341 282 1
341 403 1
342 341 1
342 343 1
342 283 1
342 404 1
343 342 1
343 344 1
343 284 1
343 405 1
344 343 1
344 345 1
344 285 1
344 406 1
345 344 1
345 346 1
345 286 1
345 407 1
346 345 1
346 347 1
346 287 1
346 408 1
347 346 1
347 348 1
347 409 1
348 347 1
348 349 1
348 410 1
349 348 1
349 350 1
349 411 1
350 349 1
350 351 1
350 288 1
350 412 1
351 350 1
351 352 1
351 289 1
351 413 1
352 351 1
352 353 1
352 290 1
352 414 1
353 352 1
353 354 1
353 291 1
353 415 1
354 353 1
354 355 1
354 292 1
354 416 1
355 354 1
355 356 1
355 293 1
355 417 1
356 355 1
356 357 1
356 294 1
356 418 1
357 356 1
357 358 1
357 295 1
357 419 1
358 357 1
358 359 1
358 296 1
358 420 1
359 358 1
359 360 1
359 297 1
359 421 1
360 359 1
360 361 1
360 298 1
360 422 1
361 360 1
361 362 1
361 299 1
361 423 1
362 361 1
362 363 1
362 300 1
362 424 1
363 362 1
363 364 1
363 301 1
363 425 1
364 363 1
364 365 1
364 302 1
365 364 1
365 366 1
365 303 1
366 365 2
366 367 2
366 304 2
366 426 2
367 366 2
367 368 2
367 305 2
367 427 2
368 367 2
368 369 2
368 306 2
368 428 2
369 368 2
369 370 2
369 307 2
369 429 2
370 369 2
370 371 2
370 308 2
370 430 2
371 370 1
371 372 1
371 309 1
371 431 1
372 371 1
372 373 1
372 310 1
372 432 1
373 372 1
373 374 1
373 311 1
373 433 1
374 373 1
374 375 1
374 312 1
374 434 1
375 374 2
375 376 2
375 313 2
375 435 2
376 375 2
376 377 2
376 314 2
376 436 2
377 376 2
377 378 2
377 315 2
377 437 2
378 377 2
378 379 2
378 316 2
378 438 2
379 378 2
379 380 2
379 317 2
379 439 2
380 379 2
380 381 2
380 318 2
380 440 2
381 380 2
381 382 2
381 319 2
381 441 2
382 381 2
382 320 2
382 442 2
383 384 1
383 321 1
383 443 1
384 383 1
384 385 1
384 322 1
384 444 1
385 384 1
385 386 1
385 323 1
385 445 1
386 385 1
386 387 1
386 324 1
386 446 1
387 386 1
387 388 1
387 325 1
387 447 1
388 387 1
388 389 1
388 326 1
388 448 1
389 388 1
389 390 1
389 327 1
389 449 1
390 389 1
390 391 1
390 328 1
390 450 1
391 390 1
391 392 1
391 329 1
391 451 1
392 391 1
392 393 1
392 330 1
392 452 1
393 392 1
393 394 1
393 331 1
393 453 1
394 393 1
394 395 1
394 332 1
394 454 1
395 394 1
395 396 1
395 333 1
395 455 1
396 395 1
396 397 1
396 334 1
396 456 1
397 396 1
397 398 1
397 335 1
397 457 1
398 397 2
398 399 2
398 336 2
398 458 2
399 398 2
399 400 2
399 337 2
399 459 2
400 399 2
400 401 2
400 338 2
400 460 2
401 400 1
401 402 1
401 339 1
401 461 1
402 401 1
402 403 1
402 340 1
403 402 1
403 404 1
403 341 1
404 403 1
404 405 1
404 342 1
404 462 1
405 404 8
405 406 8
405 343 8
405 463 8
406 405 8
406 407 8
406 344 8
406 464 8
407 406 8
407 408 8
407 345 8
407 465 8
408 407 8
408 409 8
408 346 8
408 466 8
409 408 1
409 410 1
409 347 1
410 409 1
410 411 1
410 348 1
411 410 1
411 412 1
411 349 1
412 411 1
412 413 1
412 350 1
412 467 1
413 412 1
413 414 1
413 351 1
413 468 1
414 413 1
414 415 1
414 352 1
414 469 1
415 414 1
415 416 1
415 353 1
415 470 1
416 415 1
416 417 1
416 354 1
416 471 1
417 416 1
417 418 1
417 355 1
417 472 1
418 417 1
418 419 1
418 356 1
418 473 1
419 418 1
419 420 1
419 357 1
419 474 1
420 419 1
420 421 1
420 358 1
420 475 1
421 420 1
421 422 1
421 359 1
421 476 1
422 421 8
422 423 8
422 360 8
422 477 8
423 422 8
423 424 8
423 361 8
423 478 8
424 423 8
424 425 8
424 362 8
424 479 8
425 424 8
425 363 8
425 480 8
426 427 2
426 366 2
426 481 2
427 426 2
427 428 2
427 367 2
427 482 2
428 427 2
428 429 2
428 368 2
428 483 2
429 428 2
429 430 2
429 369 2
429 484 2
430 429 2
430 431 2
430 370 2
430 485 2
431 430 1
431 432 1
431 371 1
431 486 1
432 431 1
432 433 1
432 372 1
432 487 1
433 432 1
433 434 1
433 373 1
433 488 1
434 433 1
434 435 1
434 374 1
434 489 1
435 434 2
435 436 2
435 375 2
435 490 2
436 435 2
436 437 2
436 376 2
436 491 2
437 436 2
437 438 2
437 377 2
437 492 2
438 437 2
438 439 2
438 378 2
438 493 2
439 438 2
439 440 2
439 379 2
439 494 2
440 439 2
440 441 2
440 380 2
440 495 2
441 440 2
441 442 2
441 381 2
441 496 2
442 441 2
442 382 2
442 497 2
443 444 1
443 383 1
443 498 1
444 443 1
444 445 1
444 384 1
444 499 1
445 444 1
445 446 1
445 385 1
446 445 1
446 447 1
446 386 1
447 446 1
447 448 1
447 387 1
448 447 1
448 449 1
448 388 1
448 500 1
449 448 1
449 450 1
449 389 1
449 501 1
450 449 1
450 451 1
450 390 1
450 502 1
451 450 1
451 452 1
451 391 1
451 503 1
452 451 1
452 453 1
452 392 1
452 504 1
453 452 1
453 454 1
453 393 1
454 453 1
454 455 1
454 394 1
455 454 1
455 456 1
455 395 1
456 455 1
456 457 1
456 396 1
456 505 1
457 456 1
457 458 1
457 397 1
457 506 1
458 457 2
458 459 2
458 398 2
458 507 2
459 458 2
459 460 2
459 399 2
459 508 2
460 459 2
460 461 2
460 400 2
460 509 2
461 460 1
461 401 1
461 510 1
462 463 1
462 404 1
462 511 1
463 462 8
463 464 8
463 405 8
463 512 8
464 463 8
464 465 8
464 406 8
464 513 8
465 464 8
465 466 8
465 407 8
465 514 8
466 465 8
466 408 8
466 515 8
467 468 1
467 412 1
467 516 1
468 467 1
468 469 1
468 413 1
468 517 1
469 468 1
469 470 1
469 414 1
469 518 1
470 469 1
470 471 1
470 415 1
470 519 1
471 470 1
471 472 1
471 416 1
471 520 1
472 471 1
472 473 1
472 417 1
472 521 1
473 472 1
473 474 1
473 418 1
473 522 1
474 473 1
474 475 1
474 419 1
474 523 1
475 474 1
475 476 1
475 420 1
475 524 1
476 475 1
476 477 1
476 421 1
476 525 1
477 476 8
477 478 8
477 422 8
477 526 8
478 477 8
478 479 8
478 423 8
478 527 8
479 478 8
479 480 8
479 424 8
479 528 8
480 479 8
480 425 8
480 529 8
481 482 2
481 426 2
481 530 2
482 481 2
482 483 2
482 427 2
482 531 2
483 482 2
483 484 2
483 428 2
483 532 2
484 483 2
484 485 2
484 429 2
484 533 2
485 484 2
485 486 2
485 430 2
485 534 2
486 485 1
486 487 1
486 431 1
486 535 1
487 486 1
487 488 1
487 432 1
487 536 1
488 487 1
488 489 1
488 433 1
488 537 1
489 488 1
489 490 1
489 434 1
489 538 1
490 489 2
490 491 2
490 435 2
490 539 2
491 490 2
491 492 2
491 436 2
491 540 2
492 491 2
492 493 2
492 437 2
492 541 2
493 492 2
493 494 2
493 438 2
493 542 2
494 493 2
494 495 2
494 439 2
494 543 2
495 494 2
495 496 2
495 440 2
495 544 2
496 495 2
496 497 2
496 441 2
496 545 2
497 496 2
497 442 2
497 546 2
498 499 1
498 443 1
498 547 1
499 498 1
499 444 1
499 548 1
500 501 2
500 448 2
500 549 2
501 500 2
501 502 2
501 449 2
501 550 2
502 501 2
502 503 2
502 450 2
502 551 2
503 502 2
503 504 2
503 451 2
503 552 2
504 503 1
504 452 1
504 553 1
505 506 1
505 456 1
505 554 1
506 505 1
506 507 1
506 457 1
506 555 1
507 506 1
507 508 1
507 458 1
507 556 1
508 507 1
508 509 1
508 459 1
508 557 1
509 508 1
509 510 1
509 460 1
509 558 1
510 509 1
510 461 1
510 559 1
511 512 1
511 462 1
511 560 1
512 511 8
512 513 8
512 463 8
512 561 8
513 512 8
513 514 8
513 464 8
513 562 8
514 513 8
514 515 8
514 465 8
514 563 8
515 514 8
515 466 8
515 564 8
516 517 1
516 467 1
516 565 1
517 516 1
517 518 1
517 468 1
517 566 1
518 517 1
518 519 1
518 469 1
518 567 1
519 518 1
519 520 1
519 470 1
519 568 1
520 519 1
520 521 1
520 471 1
521 520 1
521 522 1
521 472 1
522 521 1
522 523 1
522 473 1
523 522 1
523 524 1
523 474 1
524 523 1
524 525 1
524 475 1
525 524 1
525 526 1
525 476 1
526 525 8
526 527 8
526 477 8
526 569 8
527 526 8
527 528 8
527 478 8
527 570 8
528 527 8
528 529 8
528 479 8
528 571 8
529 528 8
529 480 8
529 572 8
530 531 2
530 481 2
530 574 2
531 530 2
531 532 2
531 482 2
531 575 2
532 531 2
532 533 2
532 483 2
532 576 2
533 532 2
533 534 2
533 484 2
533 577 2
534 533 2
534 535 2
534 485 2
534 578 2
535 534 1
535 536 1
535 486 1
535 579 1
536 535 1
536 537 1
536 487 1
537 536 1
537 538 1
537 488 1
538 537 1
538 539 1
538 489 1
538 580 1
539 538 2
539 540 2
539 490 2
539 581 2
540 539 2
540 541 2
540 491 2
540 582 2
541 540 2
541 542 2
541 492 2
541 583 2
542 541 2
542 543 2
542 493 2
542 584 2
543 542 2
543 544 2
543 494 2
543 585 2
544 543 2
544 545 2
544 495 2
544 586 2
545 544 2
545 546 2
545 496 2
545 587 2
546 545 2
546 497 2
546 588 2
547 548 1
547 498 1
547 589 1
548 547 1
548 499 1
548 590 1
549 550 2
549 500 2
549 591 2
550 549 2
550 551 2
550 501 2
550 592 2
551 550 2
551 552 2
551 502 2
551 593 2
552 551 2
552 553 2
552 503 2
552 594 2
553 552 1
553 504 1
553 595 1
554 555 1
554 505 1
554 596 1
555 554 1
555 556 1
555 506 1
555 597 1
556 555 1
556 557 1
556 507 1
556 598 1
557 556 1
557 558 1
557 508 1
557 599 1
558 557 1
558 559 1
558 509 1
558 600 1
559 558 1
559 510 1
559 601 1
560 561 1
560 511 1
560 602 1
561 560 8
561 562 8
561 512 8
561 603 8
562 561 8
562 563 8
562 513 8
562 604 8
563 562 8
563 564 8
563 514 8
563 605 8
564 563 8
564 515 8
564 606 8
565 566 1
565 516 1
565 607 1
566 565 1
566 567 1
566 517 1
566 608 1
567 566 1
567 568 1
567 518 1
567 609 1
568 567 1
568 519 1
568 610 1
569 570 8
569 526 8
569 611 8
570 569 8
570 571 8
570 527 8
570 612 8
571 570 8
571 572 8
571 528 8
571 613 8
572 571 8
572 573 8
572 529 8
572 614 8
573 572 1
574 575 2
574 530 2
574 615 2
575 574 2
575 576 2
575 531 2
575 616 2
576 575 2
576 577 2
576 532 2
576 617 2
577 576 2
577 578 2
577 533 2
577 618 2
578 577 2
578 579 2
578 534 2
578 619 2
579 578 1
579 535 1
579 620 1
580 581 1
580 538 1
580 621 1
581 580 2
581 582 2
581 539 2
581 622 2
582 581 2
582 583 2
582 540 2
582 623 2
583 582 2
583 584 2
583 541 2
584 583 2
584 585 2
584 542 2
585 584 2
585 586 2
585 543 2
585 624 2
586 585 2
586 587 2
586 544 2
587 586 2
587 588 2
587 545 2
588 587 2
588 546 2
588 625 2
589 590 1
589 547 1
589 626 1
590 589 1
590 548 1
590 627 1
591 592 2
591 549 2
591 628 2
592 591 2
592 593 2
592 550 2
592 629 2
593 592 2
593 594 2
593 551 2
593 630 2
594 593 2
594 595 2
594 552 2
594 631 2
595 594 1
595 553 1
595 632 1
596 597 1
596 554 1
596 636 1
597 596 1
597 598 1
597 555 1
597 637 1
598 597 1
598 599 1
598 556 1
598 638 1
599 598 1
599 600 1
599 557 1
599 639 1
600 599 1
600 601 1
600 558 1
600 640 1
601 600 1
601 559 1
601 641 1
602 603 1
602 560 1
602 642 1
603 602 8
603 604 8
603 561 8
603 643 8
604 603 8
604 605 8
604 562 8
604 644 8
605 604 8
605 606 8
605 563 8
605 645 8
606 605 8
606 564 8
606 646 8
607 608 1
607 565 1
607 647 1
608 607 1
608 609 1
608 566 1
608 648 1
609 608 1
609 610 1
609 567 1
609 649 1
610 609 1
610 568 1
610 650 1
611 612 8
611 569 8
611 657 8
612 611 8
612 613 8
612 570 8
612 658 8
613 612 8
613 614 8
613 571 8
613 659 8
614 613 8
614 572 8
614 660 8
615 616 2
615 574 2
615 661 2
616 615 2
616 617 2
616 575 2
616 662 2
617 616 2
617 618 2
617 576 2
617 663 2
618 617 2
618 619 2
618 577 2
618 664 2
619 618 2
619 620 2
619 578 2
619 665 2
620 619 1
620 579 1
620 666 1
621 622 1
621 580 1
621 669 1
622 621 2
622 623 2
622 581 2
622 670 2
623 622 2
623 582 2
623 671 2
624 585 1
625 588 2
625 672 2
626 627 1
626 589 1
626 673 1
627 626 1
627 590 1
627 674 1
628 629 2
628 591 2
628 678 2
629 628 2
629 630 2
629 592 2
629 679 2
630 629 2
630 631 2
630 593 2
630 680 2
631 630 2
631 632 2
631 594 2
631 681 2
632 631 1
632 633 1
632 595 1
632 682 1
633 632 1
633 634 1
633 683 1
634 633 1
634 635 1
634 684 1
635 634 1
635 636 1
635 685 1
636 635 1
636 637 1
636 596 1
636 686 1
637 636 1
637 638 1
637 597 1
637 687 1
638 637 1
638 639 1
638 598 1
638 688 1
639 638 1
639 640 1
639 599 1
639 689 1
640 639 1
640 641 1
640 600 1
640 690 1
641 640 1
641 601 1
641 691 1
642 643 1
642 602 1
642 694 1
643 642 8
643 644 8
643 603 8
643 695 8
644 643 8
644 645 8
644 604 8
644 696 8
645 644 8
645 646 8
645 605 8
645 697 8
646 645 8
646 606 8
646 698 8
647 648 1
647 607 1
647 702 1
648 647 1
648 649 1
648 608 1
648 703 1
649 648 1
649 650 1
649 609 1
649 704 1
650 649 1
650 651 1
650 610 1
650 705 1
651 650 1
651 652 1
651 706 1
652 651 1
652 653 1
652 707 1
653 652 1
653 654 1
653 708 1
654 653 1
654 655 1
654 709 1
655 654 1
655 656 1
655 710 1
656 655 1
656 657 1
656 711 1
657 656 8
657 658 8
657 611 8
657 712 8
658 657 8
658 659 8
658 612 8
658 713 8
659 658 8
659 660 8
659 613 8
659 714 8
660 659 8
660 614 8
660 715 8
661 662 1
661 615 1
661 716 1
662 661 1
662 663 1
662 616 1
662 717 1
663 662 1
663 664 1
663 617 1
663 718 1
664 663 1
664 665 1
664 618 1
664 719 1
665 664 1
665 666 1
665 619 1
665 720 1
666 665 1
666 667 1
666 620 1
666 721 1
667 666 1
667 668 1
667 722 1
668 667 1
668 669 1
668 723 1
669 668 1
669 670 1
669 621 1
669 724 1
670 669 2
670 671 2
670 622 2
670 725 2
671 670 2
671 623 2
671 726 2
672 625 2
672 732 2
673 674 1
673 626 1
673 735 1
674 673 1
674 675 1
674 627 1
674 736 1
675 674 1
675 676 1
675 737 1
676 675 1
676 677 1
676 738 1
677 676 1
677 678 1
677 739 1
678 677 2
678 679 2
678 628 2
678 740 2
679 678 2
679 680 2
679 629 2
679 741 2
680 679 2
680 681 2
680 630 2
680 742 2
681 680 2
681 682 2
681 631 2
681 743 2
682 681 1
682 683 1
682 632 1
682 744 1
683 682 1
683 684 1
683 633 1
683 745 1
684 683 1
684 685 1
684 634 1
684 746 1
685 684 1
685 686 1
685 635 1
685 747 1
686 685 1
686 687 1
686 636 1
686 748 1
687 686 1
687 688 1
687 637 1
687 749 1
688 687 1
688 689 1
688 638 1
688 750 1
689 688 1
689 690 1
689 639 1
689 751 1
690 689 1
690 691 1
690 640 1
690 752 1
691 690 1
691 692 1
691 641 1
691 753 1
692 691 1
692 693 1
692 754 1
693 692 1
693 694 1
693 755 1
694 693 1
694 695 1
694 642 1
694 756 1
695 694 1
695 696 1
695 643 1
695 757 1
696 695 1
696 697 1
696 644 1
696 758 1
697 696 1
697 698 1
697 645 1
697 759 1
698 697 1
698 699 1
698 646 1
698 760 1
699 698 1
699 700 1
699 761 1
700 699 1
700 701 1
700 762 1
701 700 1
701 702 1
701 763 1
702 701 1
702 703 1
702 647 1
702 764 1
703 702 1
703 704 1
703 648 1
703 765 1
704 703 1
704 705 1
704 649 1
704 766 1
705 704 1
705 706 1
705 650 1
705 767 1
706 705 1
706 707 1
706 651 1
706 768 1
707 706 1
707 708 1
707 652 1
707 769 1
708 707 1
708 709 1
708 653 1
708 770 1
709 708 1
709 710 1
709 654 1
709 771 1
710 709 1
710 711 1
710 655 1
710 772 1
711 710 1
711 712 1
711 656 1
711 773 1
712 711 8
712 713 8
712 657 8
712 774 8
713 712 8
713 714 8
713 658 8
713 775 8
714 713 8
714 715 8
714 659 8
714 776 8
715 714 8
715 660 8
715 777 8
716 717 1
716 661 1
716 780 1
717 716 1
717 718 1
717 662 1
717 781 1
718 717 1
718 719 1
718 663 1
718 782 1
719 718 1
719 720 1
719 664 1
719 783 1
720 719 1
720 721 1
720 665 1
720 784 1
721 720 1
721 722 1
721 666 1
721 785 1
722 721 1
722 723 1
722 667 1
722 786 1
723 722 1
723 724 1
723 668 1
723 787 1
724 723 1
724 725 1
724 669 1
724 788 1
725 724 1
725 726 1
725 670 1
725 789 1
726 725 1
726 727 1
726 671 1
726 790 1
727 726 1
727 728 1
727 791 1
728 727 1
728 729 1
728 792 1
729 728 1
729 730 1
729 793 1
730 729 1
730 731 1
730 794 1
731 730 1
731 732 1
731 795 1
732 731 1
732 733 1
732 672 1
732 796 1
733 732 1
733 797 1
734 735 1
734 798 1
735 734 1
735 736 1
735 673 1
735 799 1
736 735 1
736 737 1
736 674 1
736 800 1
737 736 1
737 738 1
737 675 1
737 801 1
738 737 1
738 739 1
738 676 1
738 802 1
739 738 1
739 740 1
739 677 1
739 803 1
740 739 1
740 741 1
740 678 1
740 804 1
741 740 1
741 742 1
741 679 1
741 805 1
742 741 1
742 743 1
742 680 1
742 806 1
743 742 1
743 744 1
743 681 1
743 807 1
744 743 1
744 745 1
744 682 1
744 808 1
745 744 1
745 746 1
745 683 1
745 809 1
746 745 1
746 747 1
746 684 1
746 810 1
747 746 1
747 748 1
747 685 1
747 811 1
748 747 1
748 749 1
748 686 1
748 812 1
749 748 1
749 750 1
749 687 1
749 813 1
750 749 1
750 751 1
750 688 1
750 814 1
751 750 1
751 752 1
751 689 1
751 815 1
752 751 1
752 753 1
752 690 1
752 816 1
753 752 1
753 754 1
753 691 1
753 817 1
754 753 1
754 755 1
754 692 1
754 818 1
755 754 1
755 756 1
755 693 1
755 819 1
756 755 1
756 757 1
756 694 1
756 820 1
757 756 1
757 758 1
757 695 1
757 821 1
758 757 1
758 759 1
758 696 1
758 822 1
759 758 1
759 760 1
759 697 1
759 823 1
760 759 1
760 761 1
760 698 1
760 824 1
761 760 1
761 762 1
761 699 1
761 825 1
762 761 1
762 763 1
762 700 1
762 826 1
763 762 1
763 764 1
763 701 1
763 827 1
764 763 1
764 765 1
764 702 1
764 828 1
765 764 1
765 766 1
765 703 1
765 829 1
766 765 1
766 767 1
766 704 1
766 830 1
767 766 1
767 768 1
767 705 1
767 831 1
768 767 1
768 769 1
768 706 1
768 832 1
769 768 1
769 770 1
769 707 1
769 833 1
770 769 1
770 771 1
770 708 1
770 834 1
771 770 1
771 772 1
771 709 1
771 835 1
772 771 1
772 773 1
772 710 1
772 836 1
773 772 1
773 774 1
773 711 1
773 837 1
774 773 1
774 775 1
774 712 1
774 838 1
775 774 1
775 776 1
775 713 1
775 839 1
776 775 1
776 777 1
776 714 1
776 840 1
777 776 1
777 778 1
777 715 1
777 841 1
778 777 1
778 779 1
778 842 1
779 778 1
779 780 1
779 843 1
780 779 1
780 781 1
780 716 1
780 844 1
781 780 1
781 782 1
781 717 1
781 845 1
782 781 1
782 783 1
782 718 1
782 846 1
783 782 1
783 784 1
783 719 1
783 847 1
784 783 1
784 785 1
784 720 1
784 848 1
785 784 1
785 786 1
785 721 1
785 849 1
786 785 1
786 787 1
786 722 1
786 850 1
787 786 1
787 788 1
787 723 1
787 851 1
788 787 1
788 789 1
788 724 1
788 852 1
789 788 1
789 790 1
789 725 1
789 853 1
790 789 1
790 791 1
790 726 1
790 854 1
791 790 1
791 792 1
791 727 1
791 855 1
792 791 1
792 793 1
792 728 1
792 856 1
793 792 1
793 794 1
793 729 1
793 857 1
794 793 1
794 795 1
794 730 1
794 858 1
795 794 1
795 796 1
795 731 1
795 859 1
796 795 1
796 797 1
796 732 1
796 860 1
797 796 1
797 733 1
797 861 1
798 799 1
798 734 1
798 862 1
799 798 1
799 800 1
799 735 1
799 863 1
800 799 1
800 801 1
800 736 1
800 864 1
801 800 1
801 802 1
801 737 1
801 865 1
802 801 1
802 803 1
802 738 1
802 866 1
803 802 1
803 804 1
803 739 1
803 867 1
804 803 1
804 805 1
804 740 1
804 868 1
805 804 1
805 806 1
805 741 1
805 869 1
806 805 1
806 807 1
806 742 1
806 870 1
807 806 1
807 808 1
807 743 1
807 871 1
808 807 1
808 809 1
808 744 1
808 872 1
809 808 1
809 810 1
809 745 1
809 873 1
810 809 1
810 811 1
810 746 1
810 874 1
811 810 1
811 812 1
811 747 1
811 875 1
812 811 1
812 813 1
812 748 1
812 876 1
813 812 1
813 814 1
813 749 1
813 877 1
814 813 1
814 815 1
814 750 1
814 878 1
815 814 1
815 816 1
815 751 1
815 879 1
816 815 1
816 817 1
816 752 1
816 880 1
817 816 1
817 818 1
817 753 1
817 881 1
818 817 1
818 819 1
818 754 1
818 882 1
819 818 1
819 820 1
819 755 1
819 883 1
820 819 1
820 821 1
820 756 1
820 884 1
821 820 1
821 822 1
821 757 1
821 885 1
822 821 1
822 823 1
822 758 1
822 886 1
823 822 1
823 824 1
823 759 1
823 887 1
824 823 1
824 825 1
824 760 1
824 888 1
825 824 1
825 826 1
825 761 1
825 889 1
826 825 1
826 827 1
826 762 1
826 890 1
827 826 1
827 828 1
827 763 1
827 891 1
828 827 1
828 829 1
828 764 1
828 892 1
829 828 1
829 830 1
829 765 1
829 893 1
830 829 1
830 831 1
830 766 1
830 894 1
831 830 1
831 832 1
831 767 1
831 895 1
832 831 1
832 833 1
832 768 1
832 896 1
833 832 1
833 834 1
833 769 1
833 897 1
834 833 1
834 835 1
834 770 1
834 898 1
835 834 1
835 836 1
835 771 1
835 899 1
836 835 1
836 837 1
836 772 1
836 900 1
837 836 1
837 838 1
837 773 1
837 901 1
838 837 1
838 839 1
838 774 1
838 902 1
839 838 1
839 840 1
839 775 1
839 903 1
840 839 1
840 841 1
840 776 1
840 904 1
841 840 1
841 842 1
841 777 1
841 905 1
842 841 1
842 843 1
842 778 1
842 906 1
843 842 1
843 844 1
843 779 1
843 907 1
844 843 1
844 845 1
844 780 1
844 908 1
845 844 1
845 846 1
845 781 1
845 909 1
846 845 1
846 847 1
846 782 1
846 910 1
847 846 1
847 848 1
847 783 1
847 911 1
848 847 1
848 849 1
848 784 1
848 912 1
849 848 1
849 850 1
849 785 1
849 913 1
850 849 1
850 851 1
850 786 1
850 914 1
851 850 1
851 852 1
851 787 1
851 915 1
852 851 1
852 853 1
852 788 1
852 916 1
853 852 1
853 854 1
853 789 1
853 917 1
854 853 1
854 855 1
854 790 1
854 918 1
855 854 1
855 856 1
855 791 1
855 919 1
856 855 1
856 857 1
856 792 1
856 920 1
857 856 1
857 858 1
857 793 1
857 921 1
858 857 1
858 859 1
858 794 1
858 922 1
859 858 1
859 860 1
859 795 1
859 923 1
860 859 1
860 861 1
860 796 1
860 924 1
861 860 1
861 797 1
861 925 1
862 863 1
862 798 1
862 926 1
863 862 1
863 864 1
863 799 1
863 927 1
864 863 1
864 865 1
864 800 1
864 928 1
865 864 1
865 866 1
865 801 1
865 929 1
866 865 1
866 867 1
866 802 1
866 930 1
867 866 1
867 868 1
867 803 1
867 931 1
868 867 1
868 869 1
868 804 1
868 932 1
869 868 1
869 870 1
869 805 1
869 933 1
870 869 1
870 871 1
870 806 1
870 934 1
871 870 1
871 872 1
871 807 1
871 935 1
872 871 1
872 873 1
872 808 1
872 936 1
873 872 1
873 874 1
873 809 1
873 937 1
874 873 1
874 875 1
874 810 1
874 938 1
875 874 1
875 876 1
875 811 1
875 939 1
876 875 1
876 877 1
876 812 1
876 940 1
877 876 1
877 878 1
877 813 1
877 941 1
878 877 1
878 879 1
878 814 1
878 942 1
879 878 1
879 880 1
879 815 1
879 943 1
880 879 1
880 881 1
880 816 1
880 944 1
881 880 1
881 882 1
881 817 1
881 945 1
882 881 1
882 883 1
882 818 1
882 946 1
883 882 1
883 884 1
883 819 1
883 947 1
884 883 1
884 885 1
884 820 1
884 948 1
885 884 1
885 886 1
885 821 1
885 949 1
886 885 1
886 887 1
886 822 1
886 950 1
887 886 1
887 888 1
887 823 1
887 951 1
888 887 1
888 889 1
888 824 1
888 952 1
889 888 1
889 890 1
889 825 1
889 953 1
890 889 1
890 891 1
890 826 1
890 954 1
891 890 1
891 892 1
891 827 1
891 955 1
892 891 1
892 893 1
892 828 1
892 956 1
893 892 1
893 894 1
893 829 1
893 957 1
894 893 1
894 895 1
894 830 1
894 958 1
895 894 1
895 896 1
895 831 1
895 959 1
896 895 1
896 897 1
896 832 1
896 960 1
897 896 1
897 898 1
897 833 1
897 961 1
898 897 1
898 899 1
898 834 1
898 962 1
899 898 1
899 900 1
899 835 1
899 963 1
900 899 1
900 901 1
900 836 1
900 964 1
901 900 1
901 902 1
901 837 1
901 965 1
902 901 1
902 903 1
902 838 1
902 966 1
903 902 1
903 904 1
903 839 1
903 967 1
904 903 1
904 905 1
904 840 1
904 968 1
905 904 1
905 906 1
905 841 1
905 969 1
906 905 1
906 907 1
906 842 1
906 970 1
907 906 1
907 908 1
907 843 1
907 971 1
908 907 1
908 909 1
908 844 1
908 972 1
909 908 1
909 910 1
909 845 1
909 973 1
910 909 1
910 911 1
910 846 1
910 974 1
911 910 1
911 912 1
911 847 1
911 975 1
912 911 1
912 913 1
912 848 1
912 976 1
913 912 1
913 914 1
913 849 1
913 977 1
914 913 1
914 915 1
914 850 1
914 978 1
915 914 1
915 916 1
915 851 1
915 979 1
916 915 1
916 917 1
916 852 1
916 980 1
917 916 1
917 918 1
917 853 1
917 981 1
918 917 1
918 919 1
918 854 1
918 982 1
919 918 1
919 920 1
919 855 1
919 983 1
920 919 1
920 921 1
920 856 1
920 984 1
921 920 1
921 922 1
921 857 1
921 985 1
922 921 1
922 923 1
922 858 1
922 986 1
923 922 1
923 924 1
923 859 1
923 987 1
924 923 1
924 925 1
924 860 1
924 988 1
925 924 1
925 861 1
925 989 1
926 927 1
926 862 1
926 990 1
927 926 1
927 928 1
927 863 1
927 991 1
928 927 1
928 929 1
928 864 1
928 992 1
929 928 1
929 930 1
929 865 1
929 993 1
930 929 1
930 931 1
930 866 1
930 994 1
931 930 1
931 932 1
931 867 1
931 995 1
932 931 1
932 933 1
932 868 1
932 996 1
933 932 1
933 934 1
933 869 1
933 997 1
934 933 1
934 935 1
934 870 1
934 998 1
935 934 1
935 936 1
935 871 1
935 999 1
936 935 1
936 937 1
936 872 1
936 1000 1
937 936 1
937 938 1
937 873 1
937 1001 1
938 937 1
938 939 1
938 874 1
938 1002 1
939 938 1
939 940 1
939 875 1
939 1003 1
940 939 1
940 941 1
940 876 1
940 1004 1
941 940 1
941 942 1
941 877 1
941 1005 1
942 941 1
942 943 1
942 878 1
942 1006 1
943 942 1
943 944 1
943 879 1
943 1007 1
944 943 1
944 945 1
944 880 1
944 1008 1
945 944 1
945 946 1
945 881 1
945 1009 1
946 945 1
946 947 1
946 882 1
946 1010 1
947 946 1
947 948 1
947 883 1
947 1011 1
948 947 1
948 949 1
948 884 1
948 1012 1
949 948 1
949 950 1
949 885 1
949 1013 1
950 949 1
950 951 1
950 886 1
950 1014 1
951 950 1
951 952 1
951 887 1
951 1015 1
952 951 1
952 953 1
952 888 1
952 1016 1
953 952 1
953 954 1
953 889 1
953 1017 1
954 953 1
954 955 1
954 890 1
954 1018 1
955 954 1
955 956 1
955 891 1
955 1019 1
956 955 1
956 957 1
956 892 1
956 1020 1
957 956 1
957 958 1
957 893 1
957 1021 1
958 957 1
958 959 1
958 894 1
958 1022 1
959 958 1
959 960 1
959 895 1
959 1023 1
960 959 1
960 961 1
960 896 1
960 1024 1
961 960 1
961 962 1
961 897 1
961 1025 1
962 961 1
962 963 1
962 898 1
962 1026 1
963 962 1
963 964 1
963 899 1
963 1027 1
964 963 1
964 965 1
964 900 1
964 1028 1
965 964 1
965 966 1
965 901 1
965 1029 1
966 965 1
966 967 1
966 902 1
966 1030 1
967 966 1
967 968 1
967 903 1
967 1031 1
968 967 1
968 969 1
968 904 1
968 1032 1
969 968 1
969 970 1
969 905 1
969 1033 1
970 969 1
970 971 1
970 906 1
970 1034 1
971 970 1
971 972 1
971 907 1
971 1035 1
972 971 1
972 973 1
972 908 1
972 1036 1
973 972 1
973 974 1
973 909 1
973 1037 1
974 973 1
974 975 1
974 910 1
974 1038 1
975 974 1
975 976 1
975 911 1
975 1039 1
976 975 1
976 977 1
976 912 1
976 1040 1
977 976 1
977 978 1
977 913 1
977 1041 1
978 977 1
978 979 1
978 914 1
978 1042 1
979 978 1
979 980 1
979 915 1
979 1043 1
980 979 1
980 981 1
980 916 1
980 1044 1
981 980 1
981 982 1
981 917 1
981 1045 1
982 981 1
982 983 1
982 918 1
982 1046 1
983 982 1
983 984 1
983 919 1
983 1047 1
984 983 1
984 985 1
984 920 1
984 1048 1
985 984 1
985 986 1
985 921 1
985 1049 1
986 985 1
986 987 1
986 922 1
986 1050 1
987 986 1
987 988 1
987 923 1
987 1051 1
988 987 1
988 989 1
988 924 1
988 1052 1
989 988 1
989 925 1
989 1053 1
990 991 1
990 926 1
990 1054 1
991 990 1
991 992 1
991 927 1
991 1055 1
992 991 1
992 993 1
992 928 1
992 1056 1
993 992 1
993 994 1
993 929 1
993 1057 1
994 993 1
994 995 1
994 930 1
994 1058 1
995 994 1
995 996 1
995 931 1
995 1059 1
996 995 1
996 997 1
996 932 1
996 1060 1
997 996 1
997 998 1
997 933 1
997 1061 1
998 997 1
998 999 1
998 934 1
998 1062 1
999 998 1
999 1000 1
999 935 1
999 1063 1
1000 999 1
1000 1001 1
1000 936 1
1000 1064 1
1001 1000 1
1001 1002 1
1001 937 1
1001 1065 1
1002 1001 1
1002 1003 1
1002 938 1
1002 1066 1
1003 1002 1
1003 1004 1
1003 939 1
1003 1067 1
1004 1003 1
1004 1005 1
1004 940 1
1004 1068 1
1005 1004 1
1005 1006 1
1005 941 1
1005 1069 1
1006 1005 1
1006 1007 1
1006 942 1
1006 1070 1
1007 1006 1
1007 1008 1
1007 943 1
1007 1071 1
1008 1007 1
1008 1009 1
1008 944 1
1008 1072 1
1009 1008 1
1009 1010 1
1009 945 1
1009 1073 1
1010 1009 1
1010 1011 1
1010 946 1
1010 1074 1
1011 1010 1
1011 1012 1
1011 947 1
1011 1075 1
1012 1011 1
1012 1013 1
1012 948 1
1012 1076 1
1013 1012 1
1013 1014 1
1013 949 1
1013 1077 1
1014 1013 1
1014 1015 1
1014 950 1
1014 1078 1
1015 1014 1
1015 1016 1
1015 951 1
1015 1079 1
1016 1015 1
1016 1017 1
1016 952 1
1016 1080 1
1017 1016 1
1017 1018 1
1017 953 1
1017 1081 1
1018 1017 1
1018 1019 1
1018 954 1
1018 1082 1
1019 1018 1
1019 1020 1
1019 955 1
1019 1083 1
1020 1019 1
1020 1021 1
1020 956 1
1020 1084 1
1021 1020 1
1021 1022 1
1021 957 1
1021 1085 1
1022 1021 1
1022 1023 1
1022 958 1
1022 1086 1
1023 1022 1
1023 1024 1
1023 959 1
1023 1087 1
1024 1023 1
1024 1025 1
1024 960 1
1024 1088 1
1025 1024 1
1025 1026 1
1025 961 1
1025 1089 1
1026 1025 1
1026 1027 1
1026 962 1
1026 1090 1
1027 1026 1
1027 1028 1
1027 963 1
1027 1091 1
1028 1027 1
1028 1029 1
1028 964 1
1028 1092 1
1029 1028 1
1029 1030 1
1029 965 1
1029 1093 1
1030 1029 1
1030 1031 1
1030 966 1
1030 1094 1
1031 1030 1
1031 1032 1
1031 967 1
1031 1095 1
1032 1031 1
1032 1033 1
1032 968 1
1032 1096 1
1033 1032 1
1033 1034 1
1033 969 1
1033 1097 1
1034 1033 1
1034 1035 1
1034 970 1
1034 1098 1
1035 1034 1
1035 1036 1
1035 971 1
1035 1099 1
1036 1035 1
1036 1037 1
1036 972 1
1036 1100 1
1037 1036 1
1037 1038 1
1037 973 1
1037 1101 1
1038 1037 1
1038 1039 1
1038 974 1
1038 1102 1
1039 1038 1
1039 1040 1
1039 975 1
1039 1103 1
1040 1039 1
1040 1041 1
1040 976 1
1040 1104 1
1041 1040 1
1041 1042 1
1041 977 1
1041 1105 1
1042 1041 1
1042 1043 1
1042 978 1
1042 1106 1
1043 1042 1
1043 1044 1
1043 979 1
1043 1107 1
1044 1043 1
1044 1045 1
1044 980 1
1044 1108 1
1045 1044 1
1045 1046 1
1045 981 1
1045 1109 1
1046 1045 1
1046 1047 1
1046 982 1
1046 1110 1
1047 1046 1
1047 1048 1
1047 983 1
1047 1111 1
1048 1047 1
1048 1049 1
1048 984 1
1048 1112 1
1049 1048 1
1049 1050 1
1049 985 1
1049 1113 1
1050 1049 1
1050 1051 1
1050 986 1
1050 1114 1
1051 1050 1
1051 1052 1
1051 987 1
1051 1115 1
1052 1051 1
1052 1053 1
1052 988 1
1052 1116 1
1053 1052 1
1053 989 1
1053 1117 1
1054 1055 1
1054 990 1
1054 1118 1
1055 1054 1
1055 1056 1
1055 991 1
1055 1119 1
1056 1055 1
1056 1057 1
1056 992 1
1056 1120 1
1057 1056 1
1057 1058 1
1057 993 1
1057 1121 1
1058 1057 1
1058 1059 1
1058 994 1
1058 1122 1
1059 1058 1
1059 1060 1
1059 995 1
1059 1123 1
1060 1059 1
1060 1061 1
1060 996 1
1060 1124 1
1061 1060 1
1061 1062 1
1061 997 1
1061 1125 1
1062 1061 1
1062 1063 1
1062 998 1
1062 1126 1
1063 1062 1
1063 1064 1
1063 999 1
1063 1127 1
1064 1063 1
1064 1065 1
1064 1000 1
1064 1128 1
1065 1064 1
1065 1066 1
1065 1001 1
1065 1129 1
1066 1065 1
1066 1067 1
1066 1002 1
1066 1130 1
1067 1066 1
1067 1068 1
1067 1003 1
1067 1131 1
1068 1067 1
1068 1069 1
1068 1004 1
1068 1132 1
1069 1068 1
1069 1070 1
1069 1005 1
1069 1133 1
1070 1069 1
1070 1071 1
1070 1006 1
1070 1134 1
1071 1070 1
1071 1072 1
1071 1007 1
1071 1135 1
1072 1071 1
1072 1073 1
1072 1008 1
1072 1136 1
1073 1072 1
1073 1074 1
1073 1009 1
1073 1137 1
1074 1073 1
1074 1075 1
1074 1010 1
1074 1138 1
1075 1074 1
1075 1076 1
1075 1011 1
1075 1139 1
1076 1075 1
1076 1077 1
1076 1012 1
1076 1140 1
1077 1076 1
1077 1078 1
1077 1013 1
1077 1141 1
1078 1077 1
1078 1079 1
1078 1014 1
1078 1142 1
1079 1078 1
1079 1080 1
1079 1015 1
1079 1143 1
1080 1079 1
1080 1081 1
1080 1016 1
1080 1144 1
1081 1080 1
1081 1082 1
1081 1017 1
1081 1145 1
1082 1081 1
1082 1083 1
1082 1018 1
1082 1146 1
1083 1082 1
1083 1084 1
1083 1019 1
1083 1147 1
1084 1083 1
1084 1085 1
1084 1020 1
1084 1148 1
1085 1084 1
1085 1086 1
1085 1021 1
1085 1149 1
1086 1085 1
1086 1087 1
1086 1022 1
1086 1150 1
1087 1086 1
1087 1088 1
1087 1023 1
1087 1151 1
1088 1087 1
1088 1089 1
1088 1024 1
1088 1152 1
1089 1088 1
1089 1090 1
1089 1025 1
1089 1153 1
1090 1089 1
1090 1091 1
1090 1026 1
1090 1154 1
1091 1090 1
1091 1092 1
1091 1027 1
1091 1155 1
1092 1091 1
1092 1093 1
1092 1028 1
1092 1156 1
1093 1092 1
1093 1094 1
1093 1029 1
1093 1157 1
1094 1093 1
1094 1095 1
1094 1030 1
1094 1158 1
1095 1094 1
1095 1096 1
1095 1031 1
1095 1159 1
1096 1095 1
1096 1097 1
1096 1032 1
1096 1160 1
1097 1096 1
1097 1098 1
1097 1033 1
1097 1161 1
1098 1097 1
1098 1099 1
1098 1034 1
1098 1162 1
1099 1098 1
1099 1100 1
1099 1035 1
1099 1163 1
1100 1099 1
1100 1101 1
1100 1036 1
1100 1164 1
1101 1100 1
1101 1102 1
1101 1037 1
1101 1165 1
1102 1101 1
1102 1103 1
1102 1038 1
1102 1166 1
1103 1102 1
1103 1104 1
1103 1039 1
1103 1167 1
1104 1103 1
1104 1105 1
1104 1040 1
1104 1168 1
1105 1104 1
1105 1106 1
1105 1041 1
1105 1169 1
1106 1105 1
1106 1107 1
1106 1042 1
1106 1170 1
1107 1106 1
1107 1108 1
1107 1043 1
1107 1171 1
1108 1107 1
1108 1109 1
1108 1044 1
1108 1172 1
1109 1108 1
1109 1110 1
1109 1045 1
1109 1173 1
1110 1109 1
1110 1111 1
1110 1046 1
1110 1174 1
1111 1110 1
1111 1112 1
1111 1047 1
1111 1175 1
1112 1111 1
1112 1113 1
1112 1048 1
1112 1176 1
1113 1112 1
1113 1114 1
1113 1049 1
1113 1177 1
1114 1113 1
1114 1115 1
1114 1050 1
1114 1178 1
1115 1114 1
1115 1116 1
1115 1051 1
1115 1179 1
1116 1115 1
1116 1117 1
1116 1052 1
1116 1180 1
1117 1116 1
1117 1053 1
1117 1181 1
1118 1119 1
1118 1054 1
1118 1182 1
1119 1118 1
1119 1120 1
1119 1055 1
1119 1183 1
1120 1119 1
1120 1121 1
1120 1056 1
1120 1184 1
1121 1120 1
1121 1122 1
1121 1057 1
1121 1185 1
1122 1121 1
1122 1123 1
1122 1058 1
1122 1186 1
1123 1122 1
1123 1124 1
1123 1059 1
1123 1187 1
1124 1123 1
1124 1125 1
1124 1060 1
1124 1188 1
1125 1124 1
1125 1126 1
1125 1061 1
1125 1189 1
1126 1125 1
1126 1127 1
1126 1062 1
1126 1190 1
1127 1126 1
1127 1128 1
1127 1063 1
1127 1191 1
1128 1127 1
1128 1129 1
1128 1064 1
1128 1192 1
1129 1128 1
1129 1130 1
1129 1065 1
1129 1193 1
1130 1129 1
1130 1131 1
1130 1066 1
1130 1194 1
1131 1130 1
1131 1132 1
1131 1067 1
1131 1195 1
1132 1131 1
1132 1133 1
1132 1068 1
1132 1196 1
1133 1132 1
1133 1134 1
1133 1069 1
1133 1197 1
1134 1133 1
1134 1135 1
1134 1070 1
1134 1198 1
1135 1134 1
1135 1136 1
1135 1071 1
1135 1199 1
1136 1135 1
1136 1137 1
1136 1072 1
1136 1200 1
1137 1136 1
1137 1138 1
1137 1073 1
1137 1201 1
1138 1137 1
1138 1139 1
1138 1074 1
1138 1202 1
1139 1138 1
1139 1140 1
1139 1075 1
1139 1203 1
1140 1139 1
1140 1141 1
1140 1076 1
1140 1204 1
1141 1140 1
1141 1142 1
1141 1077 1
1141 1205 1
1142 1141 1
1142 1143 1
1142 1078 1
1142 1206 1
1143 1142 1
1143 1144 1
1143 1079 1
1143 1207 1
1144 1143 1
1144 1145 1
1144 1080 1
1144 1208 1
1145 1144 1
1145 1146 1
1145 1081 1
1145 1209 1
1146 1145 1
1146 1147 1
1146 1082 1
1146 1210 1
1147 1146 1
1147 1148 1
1147 1083 1
1147 1211 1
1148 1147 1
1148 1149 1
1148 1084 1
1148 1212 1
1149 1148 1
1149 1150 1
1149 1085 1
1149 1213 1
1150 1149 1
1150 1151 1
1150 1086 1
1150 1214 1
1151 1150 1
1151 1152 1
1151 1087 1
1151 1215 1
1152 1151 1
1152 1153 1
1152 1088 1
1152 1216 1
1153 1152 1
1153 1154 1
1153 1089 1
1153 1217 1
1154 1153 1
1154 1155 1
1154 1090 1
1154 1218 1
1155 1154 1
1155 1156 1
1155 1091 1
1155 1219 1
1156 1155 1
1156 1157 1
1156 1092 1
1156 1220 1
1157 1156 1
1157 1158 1
1157 1093 1
1157 1221 1
1158 1157 1
1158 1159 1
1158 1094 1
1158 1222 1
1159 1158 1
1159 1160 1
1159 1095 1
1159 1223 1
1160 1159 1
1160 1161 1
1160 1096 1
1160 1224 1
1161 1160 1
1161 1162 1
1161 1097 1
1161 1225 1
1162 1161 1
1162 1163 1
1162 1098 1
1162 1226 1
1163 1162 1
1163 1164 1
1163 1099 1
1163 1227 1
1164 1163 1
1164 1165 1
1164 1100 1
1164 1228 1
1165 1164 1
1165 1166 1
1165 1101 1
1165 1229 1
1166 1165 1
1166 1167 1
1166 1102 1
1166 1230 1
1167 1166 1
1167 1168 1
1167 1103 1
1167 1231 1
1168 1167 1
1168 1169 1
1168 1104 1
1168 1232 1
1169 1168 1
1169 1170 1
1169 1105 1
1169 1233 1
1170 1169 1
1170 1171 1
1170 1106 1
1170 1234 1
1171 1170 1
1171 1172 1
1171 1107 1
1171 1235 1
1172 1171 1
1172 1173 1
1172 1108 1
1172 1236 1
1173 1172 1
1173 1174 1
1173 1109 1
1173 1237 1
1174 1173 1
1174 1175 1
1174 1110 1
1174 1238 1
1175 1174 1
1175 1176 1
1175 1111 1
1175 1239 1
1176 1175 1
1176 1177 1
1176 1112 1
1176 1240 1
1177 1176 1
1177 1178 1
1177 1113 1
1177 1241 1
1178 1177 1
1178 1179 1
1178 1114 1
1178 1242 1
1179 1178 1
1179 1180 1
1179 1115 1
1179 1243 1
1180 1179 1
1180 1181 1
1180 1116 1
1180 1244 1
1181 1180 1
1181 1117 1
1181 1245 1
1182 1183 1
1182 1118 1
1182 1246 1
1183 1182 1
1183 1184 1
1183 1119 1
1183 1247 1
1184 1183 1
1184 1185 1
1184 1120 1
1184 1248 1
1185 1184 1
1185 1186 1
1185 1121 1
1185 1249 1
1186 1185 1
1186 1187 1
1186 1122 1
1186 1250 1
1187 1186 1
1187 1188 1
1187 1123 1
1187 1251 1
1188 1187 1
1188 1189 1
1188 1124 1
1188 1252 1
1189 1188 1
1189 1190 1
1189 1125 1
1189 1253 1
1190 1189 1
1190 1191 1
1190 1126 1
1190 1254 1
1191 1190 1
1191 1192 1
1191 1127 1
1191 1255 1
1192 1191 1
1192 1193 1
1192 1128 1
1192 1256 1
1193 1192 1
1193 1194 1
1193 1129 1
1193 1257 1
1194 1193 1
1194 1195 1
1194 1130 1
1194 1258 1
1195 1194 1
1195 1196 1
1195 1131 1
1195 1259 1
1196 1195 1
1196 1197 1
1196 1132 1
1196 1260 1
1197 1196 1
1197 1198 1
1197 1133 1
1197 1261 1
1198 1197 1
1198 1199 1
1198 1134 1
1198 1262 1
1199 1198 1
1199 1200 1
1199 1135 1
1199 1263 1
1200 1199 1
1200 1201 1
1200 1136 1
1200 1264 1
1201 1200 1
1201 1202 1
1201 1137 1
1201 1265 1
1202 1201 1
1202 1203 1
1202 1138 1
1202 1266 1
1203 1202 1
1203 1204 1
1203 1139 1
1203 1267 1
1204 1203 1
1204 1205 1
1204 1140 1
1204 1268 1
1205 1204 1
1205 1206 1
1205 1141 1
1205 1269 1
1206 1205 1
1206 1207 1
1206 1142 1
1206 1270 1
1207 1206 1
1207 1208 1
1207 1143 1
1207 1271 1
1208 1207 1
1208 1209 1
1208 1144 1
1208 1272 1
1209 1208 1
1209 1210 1
1209 1145 1
1209 1273 1
1210 1209 1
1210 1211 1
1210 1146 1
1210 1274 1
1211 1210 1
1211 1212 1
1211 1147 1
1211 1275 1
1212 1211 1
1212 1213 1
1212 1148 1
1212 1276 1
1213 1212 1
1213 1214 1
1213 1149 1
1213 1277 1
1214 1213 1
1214 1215 1
1214 1150 1
1214 1278 1
1215 1214 1
1215 1216 1
1215 1151 1
1215 1279 1
1216 1215 1
1216 1217 1
1216 1152 1
1216 1280 1
1217 1216 1
1217 1218 1
1217 1153 1
1217 1281 1
1218 1217 1
1218 1219 1
1218 1154 1
1218 1282 1
1219 1218 1
1219 1220 1
1219 1155 1
1219 1283 1
1220 1219 1
1220 1221 1
1220 1156 1
1220 1284 1
1221 1220 1
1221 1222 1
1221 1157 1
1221 1285 1
1222 1221 1
1222 1223 1
1222 1158 1
1222 1286 1
1223 1222 1
1223 1224 1
1223 1159 1
1223 1287 1
1224 1223 1
1224 1225 1
1224 1160 1
1224 1288 1
1225 1224 1
1225 1226 1
1225 1161 1
1225 1289 1
1226 1225 1
1226 1227 1
1226 1162 1
1226 1290 1
1227 1226 1
1227 1228 1
1227 1163 1
1227 1291 1
1228 1227 1
1228 1229 1
1228 1164 1
1228 1292 1
1229 1228 1
1229 1230 1
1229 1165 1
1229 1293 1
1230 1229 1
1230 1231 1
1230 1166 1
1230 1294 1
1231 1230 1
1231 1232 1
1231 1167 1
1231 1295 1
1232 1231 1
1232 1233 1
1232 1168 1
1232 1296 1
1233 1232 1
1233 1234 1
1233 1169 1
1233 1297 1
1234 1233 1
1234 1235 1
1234 1170 1
1234 1298 1
1235 1234 1
1235 1236 1
1235 1171 1
1235 1299 1
1236 1235 1
1236 1237 1
1236 1172 1
1236 1300 1
1237 1236 1
1237 1238 1
1237 1173 1
1237 1301 1
1238 1237 1
1238 1239 1
1238 1174 1
1238 1302 1
1239 1238 1
1239 1240 1
1239 1175 1
1239 1303 1
1240 1239 1
1240 1241 1
1240 1176 1
1240 1304 1
1241 1240 1
1241 1242 1
1241 1177 1
1241 1305 1
1242 1241 1
1242 1243 1
1242 1178 1
1242 1306 1
1243 1242 1
1243 1244 1
1243 1179 1
1243 1307 1
1244 1243 1
1244 1245 1
1244 1180 1
1244 1308 1
1245 1244 1
1245 1181 1
1245 1309 1
1246 1247 1
1246 1182 1
1246 1310 1
1247 1246 1
1247 1248 1
1247 1183 1
1247 1311 1
1248 1247 1
1248 1249 1
1248 1184 1
1248 1312 1
1249 1248 1
1249 1250 1
1249 1185 1
1249 1313 1
1250 1249 1
1250 1251 1
1250 1186 1
1250 1314 1
1251 1250 1
1251 1252 1
1251 1187 1
1251 1315 1
1252 1251 1
1252 1253 1
1252 1188 1
1252 1316 1
1253 1252 1
1253 1254 1
1253 1189 1
1253 1317 1
1254 1253 1
1254 1255 1
1254 1190 1
1254 1318 1
1255 1254 1
1255 1256 1
1255 1191 1
1255 1319 1
1256 1255 1
1256 1257 1
1256 1192 1
1256 1320 1
1257 1256 1
1257 1258 1
1257 1193 1
1257 1321 1
1258 1257 1
1258 1259 1
1258 1194 1
1258 1322 1
1259 1258 1
1259 1260 1
1259 1195 1
1259 1323 1
1260 1259 1
1260 1261 1
1260 1196 1
1260 1324 1
1261 1260 1
1261 1262 1
1261 1197 1
1261 1325 1
1262 1261 1
1262 1263 1
1262 1198 1
1262 1326 1
1263 1262 1
1263 1264 1
1263 1199 1
1263 1327 1
1264 1263 1
1264 1265 1
1264 1200 1
1264 1328 1
1265 1264 1
1265 1266 1
1265 1201 1
1265 1329 1
1266 1265 1
1266 1267 1
1266 1202 1
1266 1330 1
1267 1266 1
1267 1268 1
1267 1203 1
1267 1331 1
1268 1267 1
1268 1269 1
1268 1204 1
1268 1332 1
1269 1268 1
1269 1270 1
1269 1205 1
1269 1333 1
1270 1269 1
1270 1271 1
1270 1206 1
1270 1334 1
1271 1270 1
1271 1272 1
1271 1207 1
1271 1335 1
1272 1271 1
1272 1273 1
1272 1208 1
1272 1336 1
1273 1272 1
1273 1274 1
1273 1209 1
1273 1337 1
1274 1273 1
1274 1275 1
1274 1210 1
1274 1338 1
1275 1274 1
1275 1276 1
1275 1211 1
1275 1339 1
1276 1275 1
1276 1277 1
1276 1212 1
1276 1340 1
1277 1276 1
1277 1278 1
1277 1213 1
1277 1341 1
1278 1277 1
1278 1279 1
1278 1214 1
1278 1342 1
1279 1278 1
1279 1280 1
1279 1215 1
1279 1343 1
1280 1279 1
1280 1281 1
1280 1216 1
1280 1344 1
1281 1280 1
1281 1282 1
1281 1217 1
1281 1345 1
1282 1281 1
1282 1283 1
1282 1218 1
1282 1346 1
1283 1282 1
1283 1284 1
1283 1219 1
1283 1347 1
1284 1283 1
1284 1285 1
1284 1220 1
1284 1348 1
1285 1284 1
1285 1286 1
1285 1221 1
1285 1349 1
1286 1285 1
1286 1287 1
1286 1222 1
1286 1350 1
1287 1286 1
1287 1288 1
1287 1223 1
1287 1351 1
1288 1287 1
1288 1289 1
1288 1224 1
1288 1352 1
1289 1288 1
1289 1290 1
1289 1225 1
1289 1353 1
1290 1289 1
1290 1291 1
1290 1226 1
1290 1354 1
1291 1290 1
1291 1292 1
1291 1227 1
1291 1355 1
1292 1291 1
1292 1293 1
1292 1228 1
1292 1356 1
1293 1292 1
1293 1294 1
1293 1229 1
1293 1357 1
1294 1293 1
1294 1295 1
1294 1230 1
1294 1358 1
1295 1294 1
1295 1296 1
1295 1231 1
1295 1359 1
1296 1295 1
1296 1297 1
1296 1232 1
1296 1360 1
1297 1296 1
1297 1298 1
1297 1233 1
1297 1361 1
1298 1297 1
1298 1299 1
1298 1234 1
1298 1362 1
1299 1298 1
1299 1300 1
1299 1235 1
1299 1363 1
1300 1299 1
1300 1301 1
1300 1236 1
1300 1364 1
1301 1300 1
1301 1302 1
1301 1237 1
1301 1365 1
1302 1301 1
1302 1303 1
1302 1238 1
1302 1366 1
1303 1302 1
1303 1304 1
1303 1239 1
1303 1367 1
1304 1303 1
1304 1305 1
1304 1240 1
1304 1368 1
1305 1304 1
1305 1306 1
1305 1241 1
1305 1369 1
1306 1305 1
1306 1307 1
1306 1242 1
1306 1370 1
1307 1306 1
1307 1308 1
1307 1243 1
1307 1371 1
1308 1307 1
1308 1309 1
1308 1244 1
1308 1372 1
1309 1308 1
1309 1245 1
1309 1373 1
1310 1311 1
1310 1246 1
1310 1374 1
1311 1310 1
1311 1312 1
1311 1247 1
1311 1375 1
1312 1311 1
1312 1313 1
1312 1248 1
1312 1376 1
1313 1312 1
1313 1314 1
1313 1249 1
1313 1377 1
1314 1313 1
1314 1315 1
1314 1250 1
1314 1378 1
1315 1314 1
1315 1316 1
1315 1251 1
1315 1379 1
1316 1315 1
1316 1317 1
1316 1252 1
1316 1380 1
1317 1316 1
1317 1318 1
1317 1253 1
1317 1381 1
1318 1317 1
1318 1319 1
1318 1254 1
1318 1382 1
1319 1318 1
1319 1320 1
1319 1255 1
1319 1383 1
1320 1319 1
1320 1321 1
1320 1256 1
1320 1384 1
1321 1320 1
1321 1322 1
1321 1257 1
1321 1385 1
1322 1321 1
1322 1323 1
1322 1258 1
1322 1386 1
1323 1322 1
1323 1324 1
1323 1259 1
1323 1387 1
1324 1323 1
1324 1325 1
1324 1260 1
1324 1388 1
1325 1324 1
1325 1326 1
1325 1261 1
1325 1389 1
1326 1325 1
1326 1327 1
1326 1262 1
1326 1390 1
1327 1326 1
1327 1328 1
1327 1263 1
1327 1391 1
1328 1327 1
1328 1329 1
1328 1264 1
1328 1392 1
1329 1328 1
1329 1330 1
1329 1265 1
1329 1393 1
1330 1329 1
1330 1331 1
1330 1266 1
1330 1394 1
1331 1330 1
1331 1332 1
1331 1267 1
1331 1395 1
1332 1331 1
1332 1333 1
1332 1268 1
1332 1396 1
1333 1332 1
1333 1334 1
1333 1269 1
1333 1397 1
1334 1333 1
1334 1335 1
1334 1270 1
1334 1398 1
1335 1334 1
1335 1336 1
1335 1271 1
1335 1399 1
1336 1335 1
1336 1337 1
1336 1272 1
1336 1400 1
1337 1336 1
1337 1338 1
1337 1273 1
1337 1401 1
1338 1337 1
1338 1339 1
1338 1274 1
1338 1402 1
1339 1338 1
1339 1340 1
1339 1275 1
1339 1403 1
1340 1339 1
1340 1341 1
1340 1276 1
1340 1404 1
1341 1340 1
1341 1342 1
1341 1277 1
1341 1405 1
1342 1341 1
1342 1343 1
1342 1278 1
1342 1406 1
1343 1342 1
1343 1344 1
1343 1279 1
1343 1407 1
1344 1343 1
1344 1345 1
1344 1280 1
1344 1408 1
1345 1344 1
1345 1346 1
1345 1281 1
1345 1409 1
1346 1345 1
1346 1347 1
1346 1282 1
1346 1410 1
1347 1346 1
1347 1348 1
1347 1283 1
1347 1411 1
1348 1347 1
1348 1349 1
1348 1284 1
1348 1412 1
1349 1348 1
1349 1350 1
1349 1285 1
1349 1413 1
1350 1349 1
1350 1351 1
1350 1286 1
1350 1414 1
1351 1350 1
1351 1352 1
1351 1287 1
1351 1415 1
1352 1351 1
1352 1353 1
1352 1288 1
1352 1416 1
1353 1352 1
1353 1354 1
1353 1289 1
1353 1417 1
1354 1353 1
1354 1355 1
1354 1290 1
1354 1418 1
1355 1354 1
1355 1356 1
1355 1291 1
1355 1419 1
1356 1355 1
1356 1357 1
1356 1292 1
1356 1420 1
1357 1356 1
1357 1358 1
1357 1293 1
1357 1421 1
1358 1357 1
1358 1359 1
1358 1294 1
1358 1422 1
1359 1358 1
1359 1360 1
1359 1295 1
1359 1423 1
1360 1359 1
1360 1361 1
1360 1296 1
1360 1424 1
1361 1360 1
1361 1362 1
1361 1297 1
1361 1425 1
1362 1361 1
1362 1363 1
1362 1298 1
1362 1426 1
1363 1362 1
1363 1364 1
1363 1299 1
1363 1427 1
1364 1363 1
1364 1365 1
1364 1300 1
1364 1428 1
1365 1364 1
1365 1366 1
1365 1301 1
1365 1429 1
1366 1365 1
1366 1367 1
1366 1302 1
1366 1430 1
1367 1366 1
1367 1368 1
1367 1303 1
1367 1431 1
1368 1367 1
1368 1369 1
1368 1304 1
1368 1432 1
1369 1368 1
1369 1370 1
1369 1305 1
1369 1433 1
1370 1369 1
1370 1371 1
1370 1306 1
1370 1434 1
1371 1370 1
1371 1372 1
1371 1307 1
1371 1435 1
1372 1371 1
1372 1373 1
1372 1308 1
1372 1436 1
1373 1372 1
1373 1309 1
1373 1437 1
1374 1375 1
1374 1310 1
1374 1438 1
1375 1374 1
1375 1376 1
1375 1311 1
1375 1439 1
1376 1375 1
1376 1377 1
1376 1312 1
1376 1440 1
1377 1376 1
1377 1378 1
1377 1313 1
1377 1441 1
1378 1377 1
1378 1379 1
1378 1314 1
1378 1442 1
1379 1378 1
1379 1380 1
1379 1315 1
1379 1443 1
1380 1379 1
1380 1381 1
1380 1316 1
1380 1444 1
1381 1380 1
1381 1382 1
1381 1317 1
1381 1445 1
1382 1381 1
1382 1383 1
1382 1318 1
1382 1446 1
1383 1382 1
1383 1384 1
1383 1319 1
1383 1447 1
1384 1383 1
1384 1385 1
1384 1320 1
1384 1448 1
1385 1384 1
1385 1386 1
1385 1321 1
1385 1449 1
1386 1385 1
1386 1387 1
1386 1322 1
1386 1450 1
1387 1386 1
1387 1388 1
1387 1323 1
1387 1451 1
1388 1387 1
1388 1389 1
1388 1324 1
1388 1452 1
1389 1388 1
1389 1390 1
1389 1325 1
1389 1453 1
1390 1389 1
1390 1391 1
1390 1326 1
1390 1454 1
1391 1390 1
1391 1392 1
1391 1327 1
1391 1455 1
1392 1391 1
1392 1393 1
1392 1328 1
1392 1456 1
1393 1392 1
1393 1394 1
1393 1329 1
1393 1457 1
1394 1393 1
1394 1395 1
1394 1330 1
1394 1458 1
1395 1394 1
1395 1396 1
1395 1331 1
1395 1459 1
1396 1395 1
1396 1397 1
1396 1332 1
1396 1460 1
1397 1396 1
1397 1398 1
1397 1333 1
1397 1461 1
1398 1397 1
1398 1399 1
1398 1334 1
1398 1462 1
1399 1398 1
1399 1400 1
1399 1335 1
1399 1463 1
1400 1399 1
1400 1401 1
1400 1336 1
1400 1464 1
1401 1400 1
1401 1402 1
1401 1337 1
1401 1465 1
1402 1401 1
1402 1403 1
1402 1338 1
1402 1466 1
1403 1402 1
1403 1404 1
1403 1339 1
1403 1467 1
1404 1403 1
1404 1405 1
1404 1340 1
1404 1468 1
1405 1404 1
1405 1406 1
1405 1341 1
1405 1469 1
1406 1405 1
1406 1407 1
1406 1342 1
1406 1470 1
1407 1406 1
1407 1408 1
1407 1343 1
1407 1471 1
1408 1407 1
1408 1409 1
1408 1344 1
1408 1472 1
1409 1408 1
1409 1410 1
1409 1345 1
1409 1473 1
1410 1409 1
1410 1411 1
1410 1346 1
1410 1474 1
1411 1410 1
1411 1412 1
1411 1347 1
1411 1475 1
1412 1411 1
1412 1413 1
1412 1348 1
1412 1476 1
1413 1412 1
1413 1414 1
1413 1349 1
1413 1477 1
1414 1413 1
1414 1415 1
1414 1350 1
1414 1478 1
1415 1414 1
1415 1416 1
1415 1351 1
1415 1479 1
1416 1415 1
1416 1417 1
1416 1352 1
1416 1480 1
1417 1416 1
1417 1418 1
1417 1353 1
1417 1481 1
1418 1417 1
1418 1419 1
1418 1354 1
1418 1482 1
1419 1418 1
1419 1420 1
1419 1355 1
1419 1483 1
1420 1419 1
1420 1421 1
1420 1356 1
1420 1484 1
1421 1420 1
1421 1422 1
1421 1357 1
1421 1485 1
1422 1421 1
1422 1423 1
1422 1358 1
1422 1486 1
1423 1422 1
1423 1424 1
1423 1359 1
1423 1487 1
1424 1423 1
1424 1425 1
1424 1360 1
1424 1488 1
1425 1424 1
1425 1426 1
1425 1361 1
1425 1489 1
1426 1425 1
1426 1427 1
1426 1362 1
1426 1490 1
1427 1426 1
1427 1428 1
1427 1363 1
1427 1491 1
1428 1427 1
1428 1429 1
1428 1364 1
1428 1492 1
1429 1428 1
1429 1430 1
1429 1365 1
1429 1493 1
1430 1429 1
1430 1431 1
1430 1366 1
1430 1494 1
1431 1430 1
1431 1432 1
1431 1367 1
1431 1495 1
1432 1431 1
1432 1433 1
1432 1368 1
1432 1496 1
1433 1432 1
1433 1434 1
1433 1369 1
1433 1497 1
1434 1433 1
1434 1435 1
1434 1370 1
1434 1498 1
1435 1434 1
1435 1436 1
1435 1371 1
1435 1499 1
1436 1435 1
1436 1437 1
1436 1372 1
1436 1500 1
1437 1436 1
1437 1373 1
1437 1501 1
1438 1439 1
1438 1374 1
1438 1502 1
1439 1438 1
1439 1440 1
1439 1375 1
1439 1503 1
1440 1439 1
1440 1441 1
1440 1376 1
1440 1504 1
1441 1440 1
1441 1442 1
1441 1377 1
1441 1505 1
1442 1441 1
1442 1443 1
1442 1378 1
1442 1506 1
1443 1442 1
1443 1444 1
1443 1379 1
1443 1507 1
1444 1443 1
1444 1445 1
1444 1380 1
1444 1508 1
1445 1444 1
1445 1446 1
1445 1381 1
1445 1509 1
1446 1445 1
1446 1447 1
1446 1382 1
1446 1510 1
1447 1446 1
1447 1448 1
1447 1383 1
1447 1511 1
1448 1447 1
1448 1449 1
1448 1384 1
1448 1512 1
1449 1448 1
1449 1450 1
1449 1385 1
1449 1513 1
1450 1449 1
1450 1451 1
1450 1386 1
1450 1514 1
1451 1450 1
1451 1452 1
1451 1387 1
1451 1515 1
1452 1451 1
1452 1453 1
1452 1388 1
1452 1516 1
1453 1452 1
1453 1454 1
1453 1389 1
1453 1517 1
1454 1453 1
1454 1455 1
1454 1390 1
1454 1518 1
1455 1454 1
1455 1456 1
1455 1391 1
1455 1519 1
1456 1455 1
1456 1457 1
1456 1392 1
1456 1520 1
1457 1456 1
1457 1458 1
1457 1393 1
1457 1521 1
1458 1457 1
1458 1459 1
1458 1394 1
1458 1522 1
1459 1458 1
1459 1460 1
1459 1395 1
1459 1523 1
1460 1459 1
1460 1461 1
1460 1396 1
1460 1524 1
1461 1460 1
1461 1462 1
1461 1397 1
1461 1525 1
1462 1461 1
1462 1463 1
1462 1398 1
1462 1526 1
1463 1462 1
1463 1464 1
1463 1399 1
1463 1527 1
1464 1463 1
1464 1465 1
1464 1400 1
1464 1528 1
1465 1464 1
1465 1466 1
1465 1401 1
1465 1529 1
1466 1465 1
1466 1467 1
1466 1402 1
1466 1530 1
1467 1466 1
1467 1468 1
1467 1403 1
1467 1531 1
1468 1467 1
1468 1469 1
1468 1404 1
1468 1532 1
1469 1468 1
1469 1470 1
1469 1405 1
1469 1533 1
1470 1469 1
1470 1471 1
1470 1406 1
1470 1534 1
1471 1470 1
1471 1472 1
1471 1407 1
1471 1535 1
1472 1471 1
1472 1473 1
1472 1408 1
1472 1536 1
1473 1472 1
1473 1474 1
1473 1409 1
1473 1537 1
1474 1473 1
1474 1475 1
1474 1410 1
1474 1538 1
1475 1474 1
1475 1476 1
1475 1411 1
1475 1539 1
1476 1475 1
1476 1477 1
1476 1412 1
1476 1540 1
1477 1476 1
1477 1478 1
1477 1413 1
1477 1541 1
1478 1477 1
1478 1479 1
1478 1414 1
1478 1542 1
1479 1478 1
1479 1480 1
1479 1415 1
1479 1543 1
1480 1479 1
1480 1481 1
1480 1416 1
1480 1544 1
1481 1480 1
1481 1482 1
1481 1417 1
1481 1545 1
1482 1481 1
1482 1483 1
1482 1418 1
1482 1546 1
1483 1482 1
1483 1484 1
1483 1419 1
1483 1547 1
1484 1483 1
1484 1485 1
1484 1420 1
1484 1548 1
1485 1484 1
1485 1486 1
1485 1421 1
1485 1549 1
1486 1485 1
1486 1487 1
1486 1422 1
1486 1550 1
1487 1486 1
1487 1488 1
1487 1423 1
1487 1551 1
1488 1487 1
1488 1489 1
1488 1424 1
1488 1552 1
1489 1488 1
1489 1490 1
1489 1425 1
1489 1553 1
1490 1489 1
1490 1491 1
1490 1426 1
1490 1554 1
1491 1490 1
1491 1492 1
1491 1427 1
1491 1555 1
1492 1491 1
1492 1493 1
1492 1428 1
1492 1556 1
1493 1492 1
1493 1494 1
1493 1429 1
1493 1557 1
1494 1493 1
1494 1495 1
1494 1430 1
1494 1558 1
1495 1494 1
1495 1496 1
1495 1431 1
1495 1559 1
1496 1495 1
1496 1497 1
1496 1432 1
1496 1560 1
1497 1496 1
1497 1498 1
1497 1433 1
1497 1561 1
1498 1497 1
1498 1499 1
1498 1434 1
1498 1562 1
1499 1498 1
1499 1500 1
1499 1435 1
1499 1563 1
1500 1499 1
1500 1501 1
1500 1436 1
1500 1564 1
1501 1500 1
1501 1437 1
1501 1565 1
1502 1503 1
1502 1438 1
1502 1566 1
1503 1502 1
1503 1504 1
1503 1439 1
1503 1567 1
1504 1503 1
1504 1505 1
1504 1440 1
1504 1568 1
1505 1504 1
1505 1506 1
1505 1441 1
1505 1569 1
1506 1505 1
1506 1507 1
1506 1442 1
1506 1570 1
1507 1506 1
1507 1508 1
1507 1443 1
1507 1571 1
1508 1507 1
1508 1509 1
1508 1444 1
1508 1572 1
1509 1508 1
1509 1510 1
1509 1445 1
1509 1573 1
1510 1509 1
1510 1511 1
1510 1446 1
1510 1574 1
1511 1510 1
1511 1512 1
1511 1447 1
1511 1575 1
1512 1511 1
1512 1513 1
1512 1448 1
1512 1576 1
1513 1512 1
1513 1514 1
1513 1449 1
1513 1577 1
1514 1513 1
1514 1515 1
1514 1450 1
1514 1578 1
1515 1514 1
1515 1516 1
1515 1451 1
1515 1579 1
1516 1515 1
1516 1517 1
1516 1452 1
1516 1580 1
1517 1516 1
1517 1518 1
1517 1453 1
1517 1581 1
1518 1517 1
1518 1519 1
1518 1454 1
1518 1582 1
1519 1518 1
1519 1520 1
1519 1455 1
1519 1583 1
1520 1519 1
1520 1521 1
1520 1456 1
1520 1584 1
1521 1520 1
1521 1522 1
1521 1457 1
1521 1585 1
1522 1521 1
1522 1523 1
1522 1458 1
1522 1586 1
1523 1522 1
1523 1524 1
1523 1459 1
1523 1587 1
1524 1523 1
1524 1525 1
1524 1460 1
1524 1588 1
1525 1524 1
1525 1526 1
1525 1461 1
1525 1589 1
1526 1525 1
1526 1527 1
1526 1462 1
1526 1590 1
1527 1526 1
1527 1528 1
1527 1463 1
1527 1591 1
1528 1527 1
1528 1529 1
1528 1464 1
1528 1592 1
1529 1528 1
1529 1530 1
1529 1465 1
1529 1593 1
1530 1529 1
1530 1531 1
1530 1466 1
1530 1594 1
1531 1530 1
1531 1532 1
1531 1467 1
1531 1595 1
1532 1531 1
1532 1533 1
1532 1468 1
1532 1596 1
1533 1532 1
1533 1534 1
1533 1469 1
1533 1597 1
1534 1533 1
1534 1535 1
1534 1470 1
1534 1598 1
1535 1534 1
1535 1536 1
1535 1471 1
1535 1599 1
1536 1535 1
1536 1537 1
1536 1472 1
1536 1600 1
1537 1536 1
1537 1538 1
1537 1473 1
1537 1601 1
1538 1537 1
1538 1539 1
1538 1474 1
1538 1602 1
1539 1538 1
1539 1540 1
1539 1475 1
1539 1603 1
1540 1539 1
1540 1541 1
1540 1476 1
1540 1604 1
1541 1540 1
1541 1542 1
1541 1477 1
1541 1605 1
1542 1541 1
1542 1543 1
1542 1478 1
1542 1606 1
1543 1542 1
1543 1544 1
1543 1479 1
1543 1607 1
1544 1543 1
1544 1545 1
1544 1480 1
1544 1608 1
1545 1544 1
1545 1546 1
1545 1481 1
1545 1609 1
1546 1545 1
1546 1547 1
1546 1482 1
1546 1610 1
1547 1546 1
1547 1548 1
1547 1483 1
1547 1611 1
1548 1547 1
1548 1549 1
1548 1484 1
1548 1612 1
1549 1548 1
1549 1550 1
1549 1485 1
1549 1613 1
1550 1549 1
1550 1551 1
1550 1486 1
1550 1614 1
1551 1550 1
1551 1552 1
1551 1487 1
1551 1615 1
1552 1551 1
1552 1553 1
1552 1488 1
1552 1616 1
1553 1552 1
1553 1554 1
1553 1489 1
1553 1617 1
1554 1553 1
1554 1555 1
1554 1490 1
1554 1618 1
1555 1554 1
1555 1556 1
1555 1491 1
1555 1619 1
1556 1555 1
1556 1557 1
1556 1492 1
1556 1620 1
1557 1556 1
1557 1558 1
1557 1493 1
1557 1621 1
1558 1557 1
1558 1559 1
1558 1494 1
1558 1622 1
1559 1558 1
1559 1560 1
1559 1495 1
1559 1623 1
1560 1559 1
1560 1561 1
1560 1496 1
1560 1624 1
1561 1560 1
1561 1562 1
1561 1497 1
1561 1625 1
1562 1561 1
1562 1563 1
1562 1498 1
1562 1626 1
1563 1562 1
1563 1564 1
1563 1499 1
1563 1627 1
1564 1563 1
1564 1565 1
1564 1500 1
1564 1628 1
1565 1564 1
1565 1501 1
1565 1629 1
1566 1567 1
1566 1502 1
1566 1630 1
1567 1566 1
1567 1568 1
1567 1503 1
1567 1631 1
1568 1567 1
1568 1569 1
1568 1504 1
1568 1632 1
1569 1568 1
1569 1570 1
1569 1505 1
1569 1633 1
1570 1569 1
1570 1571 1
1570 1506 1
1570 1634 1
1571 1570 1
1571 1572 1
1571 1507 1
1571 1635 1
1572 1571 1
1572 1573 1
1572 1508 1
1572 1636 1
1573 1572 1
1573 1574 1
1573 1509 1
1573 1637 1
1574 1573 1
1574 1575 1
1574 1510 1
1574 1638 1
1575 1574 1
1575 1576 1
1575 1511 1
1575 1639 1
1576 1575 1
1576 1577 1
1576 1512 1
1576 1640 1
1577 1576 1
1577 1578 1
1577 1513 1
1577 1641 1
1578 1577 1
1578 1579 1
1578 1514 1
1578 1642 1
1579 1578 1
1579 1580 1
1579 1515 1
1579 1643 1
1580 1579 1
1580 1581 1
1580 1516 1
1580 1644 1
1581 1580 1
1581 1582 1
1581 1517 1
1581 1645 1
1582 1581 1
1582 1583 1
1582 1518 1
1582 1646 1
1583 1582 1
1583 1584 1
1583 1519 1
1583 1647 1
1584 1583 1
1584 1585 1
1584 1520 1
1584 1648 1
1585 1584 1
1585 1586 1
1585 1521 1
1585 1649 1
1586 1585 1
1586 1587 1
1586 1522 1
1586 1650 1
1587 1586 1
1587 1588 1
1587 1523 1
1587 1651 1
1588 1587 1
1588 1589 1
1588 1524 1
1588 1652 1
1589 1588 1
1589 1590 1
1589 1525 1
1589 1653 1
1590 1589 1
1590 1591 1
1590 1526 1
1590 1654 1
1591 1590 1
1591 1592 1
1591 1527 1
1591 1655 1
1592 1591 1
1592 1593 1
1592 1528 1
1592 1656 1
1593 1592 1
1593 1594 1
1593 1529 1
1593 1657 1
1594 1593 1
1594 1595 1
1594 1530 1
1594 1658 1
1595 1594 1
1595 1596 1
1595 1531 1
1595 1659 1
1596 1595 1
1596 1597 1
1596 1532 1
1596 1660 1
1597 1596 1
1597 1598 1
1597 1533 1
1597 1661 1
1598 1597 1
1598 1599 1
1598 1534 1
1598 1662 1
1599 1598 1
1599 1600 1
1599 1535 1
1599 1663 1
1600 1599 1
1600 1601 1
1600 1536 1
1600 1664 1
1601 1600 1
1601 1602 1
1601 1537 1
1601 1665 1
1602 1601 1
1602 1603 1
1602 1538 1
1602 1666 1
1603 1602 1
1603 1604 1
1603 1539 1
1603 1667 1
1604 1603 1
1604 1605 1
1604 1540 1
1604 1668 1
1605 1604 1
1605 1606 1
1605 1541 1
1605 1669 1
1606 1605 1
1606 1607 1
1606 1542 1
1606 1670 1
1607 1606 1
1607 1608 1
1607 1543 1
1607 1671 1
1608 1607 1
1608 1609 1
1608 1544 1
1608 1672 1
1609 1608 1
1609 1610 1
1609 1545 1
1609 1673 1
1610 1609 1
1610 1611 1
1610 1546 1
1610 1674 1
1611 1610 1
1611 1612 1
1611 1547 1
1611 1675 1
1612 1611 1
1612 1613 1
1612 1548 1
1612 1676 1
1613 1612 1
1613 1614 1
1613 1549 1
1613 1677 1
1614 1613 1
1614 1615 1
1614 1550 1
1614 1678 1
1615 1614 1
1615 1616 1
1615 1551 1
1615 1679 1
1616 1615 1
1616 1617 1
1616 1552 1
1616 1680 1
1617 1616 1
1617 1618 1
1617 1553 1
1617 1681 1
1618 1617 1
1618 1619 1
1618 1554 1
1618 1682 1
1619 1618 1
1619 1620 1
1619 1555 1
1619 1683 1
1620 1619 1
1620 1621 1
1620 1556 1
1620 1684 1
1621 1620 1
1621 1622 1
1621 1557 1
1621 1685 1
1622 1621 1
1622 1623 1
1622 1558 1
1622 1686 1
1623 1622 1
1623 1624 1
1623 1559 1
1623 1687 1
1624 1623 1
1624 1625 1
1624 1560 1
1624 1688 1
1625 1624 1
1625 1626 1
1625 1561 1
1625 1689 1
1626 1625 1
1626 1627 1
1626 1562 1
1626 1690 1
1627 1626 1
1627 1628 1
1627 1563 1
1627 1691 1
1628 1627 1
1628 1629 1
1628 1564 1
1628 1692 1
1629 1628 1
1629 1565 1
1629 1693 1
1630 1631 1
1630 1566 1
1630 1694 1
1631 1630 1
1631 1632 1
1631 1567 1
1631 1695 1
1632 1631 1
1632 1633 1
1632 1568 1
1632 1696 1
1633 1632 1
1633 1634 1
1633 1569 1
1633 1697 1
1634 1633 1
1634 1635 1
1634 1570 1
1634 1698 1
1635 1634 1
1635 1636 1
1635 1571 1
1635 1699 1
1636 1635 1
1636 1637 1
1636 1572 1
1636 1700 1
1637 1636 1
1637 1638 1
1637 1573 1
1637 1701 1
1638 1637 1
1638 1639 1
1638 1574 1
1638 1702 1
1639 1638 1
1639 1640 1
1639 1575 1
1639 1703 1
1640 1639 1
1640 1641 1
1640 1576 1
1640 1704 1
1641 1640 1
1641 1642 1
1641 1577 1
1641 1705 1
1642 1641 1
1642 1643 1
1642 1578 1
1642 1706 1
1643 1642 1
1643 1644 1
1643 1579 1
1643 1707 1
1644 1643 1
1644 1645 1
1644 1580 1
1644 1708 1
1645 1644 1
1645 1646 1
1645 1581 1
1645 1709 1
1646 1645 1
1646 1647 1
1646 1582 1
1646 1710 1
1647 1646 1
1647 1648 1
1647 1583 1
1647 1711 1
1648 1647 1
1648 1649 1
1648 1584 1
1648 1712 1
1649 1648 1
1649 1650 1
1649 1585 1
1649 1713 1
1650 1649 1
1650 1651 1
1650 1586 1
1650 1714 1
1651 1650 1
1651 1652 1
1651 1587 1
1651 1715 1
1652 1651 1
1652 1653 1
1652 1588 1
1652 1716 1
1653 1652 1
1653 1654 1
1653 1589 1
1653 1717 1
1654 1653 1
1654 1655 1
1654 1590 1
1654 1718 1
1655 1654 1
1655 1656 1
1655 1591 1
1655 1719 1
1656 1655 1
1656 1657 1
1656 1592 1
1656 1720 1
1657 1656 1
1657 1658 1
1657 1593 1
1657 1721 1
1658 1657 1
1658 1659 1
1658 1594 1
1658 1722 1
1659 1658 1
1659 1660 1
1659 1595 1
1659 1723 1
1660 1659 1
1660 1661 1
1660 1596 1
1660 1724 1
1661 1660 1
1661 1662 1
1661 1597 1
1661 1725 1
1662 1661 1
1662 1663 1
1662 1598 1
1662 1726 1
1663 1662 1
1663 1664 1
1663 1599 1
1663 1727 1
1664 1663 1
1664 1665 1
1664 1600 1
1664 1728 1
1665 1664 1
1665 1666 1
1665 1601 1
1665 1729 1
1666 1665 1
1666 1667 1
1666 1602 1
1666 1730 1
1667 1666 1
1667 1668 1
1667 1603 1
1667 1731 1
1668 1667 1
1668 1669 1
1668 1604 1
1668 1732 1
1669 1668 1
1669 1670 1
1669 1605 1
1669 1733 1
1670 1669 1
1670 1671 1
1670 1606 1
1670 1734 1
1671 1670 1
1671 1672 1
1671 1607 1
1671 1735 1
1672 1671 1
1672 1673 1
1672 1608 1
1672 1736 1
1673 1672 1
1673 1674 1
1673 1609 1
1673 1737 1
1674 1673 1
1674 1675 1
1674 1610 1
1674 1738 1
1675 1674 1
1675 1676 1
1675 1611 1
1675 1739 1
1676 1675 1
1676 1677 1
1676 1612 1
1676 1740 1
1677 1676 1
1677 1678 1
1677 1613 1
1677 1741 1
1678 1677 1
1678 1679 1
1678 1614 1
1678 1742 1
1679 1678 1
1679 1680 1
1679 1615 1
1679 1743 1
1680 1679 1
1680 1681 1
1680 1616 1
1680 1744 1
1681 1680 1
1681 1682 1
1681 1617 1
1681 1745 1
1682 1681 1
1682 1683 1
1682 1618 1
1682 1746 1
1683 1682 1
1683 1684 1
1683 1619 1
1683 1747 1
1684 1683 1
1684 1685 1
1684 1620 1
1684 1748 1
1685 1684 1
1685 1686 1
1685 1621 1
1685 1749 1
1686 1685 1
1686 1687 1
1686 1622 1
1686 1750 1
1687 1686 1
1687 1688 1
1687 1623 1
1687 1751 1
1688 1687 1
1688 1689 1
1688 1624 1
1688 1752 1
1689 1688 1
1689 1690 1
1689 1625 1
1689 1753 1
1690 1689 1
1690 1691 1
1690 1626 1
1690 1754 1
1691 1690 1
1691 1692 1
1691 1627 1
1691 1755 1
1692 1691 1
1692 1693 1
1692 1628 1
1692 1756 1
1693 1692 1
1693 1629 1
1693 1757 1
1694 1695 1
1694 1630 1
1694 1758 1
1695 1694 1
1695 1696 1
1695 1631 1
1695 1759 1
1696 1695 1
1696 1697 1
1696 1632 1
1696 1760 1
1697 1696 1
1697 1698 1
1697 1633 1
1697 1761 1
1698 1697 1
1698 1699 1
1698 1634 1
1698 1762 1
1699 1698 1
1699 1700 1
1699 1635 1
1699 1763 1
1700 1699 1
1700 1701 1
1700 1636 1
1700 1764 1
1701 1700 1
1701 1702 1
1701 1637 1
1701 1765 1
1702 1701 1
1702 1703 1
1702 1638 1
1702 1766 1
1703 1702 1
1703 1704 1
1703 1639 1
1703 1767 1
1704 1703 1
1704 1705 1
1704 1640 1
1704 1768 1
1705 1704 1
1705 1706 1
1705 1641 1
1705 1769 1
1706 1705 1
1706 1707 1
1706 1642 1
1706 1770 1
1707 1706 1
1707 1708 1
1707 1643 1
1707 1771 1
1708 1707 1
1708 1709 1
1708 1644 1
1708 1772 1
1709 1708 1
1709 1710 1
1709 1645 1
1709 1773 1
1710 1709 1
1710 1711 1
1710 1646 1
1710 1774 1
1711 1710 1
1711 1712 1
1711 1647 1
1711 1775 1
1712 1711 1
1712 1713 1
1712 1648 1
1712 1776 1
1713 1712 1
1713 1714 1
1713 1649 1
1713 1777 1
1714 1713 1
1714 1715 1
1714 1650 1
1714 1778 1
1715 1714 1
1715 1716 1
1715 1651 1
1715 1779 1
1716 1715 1
1716 1717 1
1716 1652 1
1716 1780 1
1717 1716 1
1717 1718 1
1717 1653 1
1717 1781 1
1718 1717 1
1718 1719 1
1718 1654 1
1718 1782 1
1719 1718 1
1719 1720 1
1719 1655 1
1719 1783 1
1720 1719 1
1720 1721 1
1720 1656 1
1720 1784 1
1721 1720 1
1721 1722 1
1721 1657 1
1721 1785 1
1722 1721 1
1722 1723 1
1722 1658 1
1722 1786 1
1723 1722 1
1723 1724 1
1723 1659 1
1723 1787 1
1724 1723 1
1724 1725 1
1724 1660 1
1724 1788 1
1725 1724 1
1725 1726 1
1725 1661 1
1725 1789 1
1726 1725 1
1726 1727 1
1726 1662 1
1726 1790 1
1727 1726 1
1727 1728 1
1727 1663 1
1727 1791 1
1728 1727 1
1728 1729 1
1728 1664 1
1728 1792 1
1729 1728 1
1729 1730 1
1729 1665 1
1729 1793 1
1730 1729 1
1730 1731 1
1730 1666 1
1730 1794 1
1731 1730 1
1731 1732 1
1731 1667 1
1731 1795 1
1732 1731 1
1732 1733 1
1732 1668 1
1732 1796 1
1733 1732 1
1733 1734 1
1733 1669 1
1733 1797 1
1734 1733 1
1734 1735 1
1734 1670 1
1734 1798 1
1735 1734 1
1735 1736 1
1735 1671 1
1735 1799 1
1736 1735 1
1736 1737 1
1736 1672 1
1736 1800 1
1737 1736 1
1737 1738 1
1737 1673 1
1737 1801 1
1738 1737 1
1738 1739 1
1738 1674 1
1738 1802 1
1739 1738 1
1739 1740 1
1739 1675 1
1739 1803 1
1740 1739 1
1740 1741 1
1740 1676 1
1740 1804 1
1741 1740 1
1741 1742 1
1741 1677 1
1741 1805 1
1742 1741 1
1742 1743 1
1742 1678 1
1742 1806 1
1743 1742 1
1743 1744 1
1743 1679 1
1743 1807 1
1744 1743 1
1744 1745 1
1744 1680 1
1744 1808 1
1745 1744 1
1745 1746 1
1745 1681 1
1745 1809 1
1746 1745 1
1746 1747 1
1746 1682 1
1746 1810 1
1747 1746 1
1747 1748 1
1747 1683 1
1747 1811 1
1748 1747 1
1748 1749 1
1748 1684 1
1748 1812 1
1749 1748 1
1749 1750 1
1749 1685 1
1749 1813 1
1750 1749 1
1750 1751 1
1750 1686 1
1750 1814 1
1751 1750 1
1751 1752 1
1751 1687 1
1751 1815 1
1752 1751 1
1752 1753 1
1752 1688 1
1752 1816 1
1753 1752 1
1753 1754 1
1753 1689 1
1753 1817 1
1754 1753 1
1754 1755 1
1754 1690 1
1754 1818 1
1755 1754 1
1755 1756 1
1755 1691 1
1755 1819 1
1756 1755 1
1756 1757 1
1756 1692 1
1756 1820 1
1757 1756 1
1757 1693 1
1757 1821 1
1758 1759 1
1758 1694 1
1758 1822 1
1759 1758 1
1759 1760 1
1759 1695 1
1759 1823 1
1760 1759 1
1760 1761 1
1760 1696 1
1760 1824 1
1761 1760 1
1761 1762 1
1761 1697 1
1761 1825 1
1762 1761 1
1762 1763 1
1762 1698 1
1762 1826 1
1763 1762 1
1763 1764 1
1763 1699 1
1763 1827 1
1764 1763 1
1764 1765 1
1764 1700 1
1764 1828 1
1765 1764 1
1765 1766 1
1765 1701 1
1765 1829 1
1766 1765 1
1766 1767 1
1766 1702 1
1766 1830 1
1767 1766 1
1767 1768 1
1767 1703 1
1767 1831 1
1768 1767 1
1768 1769 1
1768 1704 1
1768 1832 1
1769 1768 1
1769 1770 1
1769 1705 1
1769 1833 1
1770 1769 1
1770 1771 1
1770 1706 1
1770 1834 1
1771 1770 1
1771 1772 1
1771 1707 1
1771 1835 1
1772 1771 1
1772 1773 1
1772 1708 1
1772 1836 1
1773 1772 1
1773 1774 1
1773 1709 1
1773 1837 1
1774 1773 1
1774 1775 1
1774 1710 1
1774 1838 1
1775 1774 1
1775 1776 1
1775 1711 1
1775 1839 1
1776 1775 1
1776 1777 1
1776 1712 1
1776 1840 1
1777 1776 1
1777 1778 1
1777 1713 1
1777 1841 1
1778 1777 1
1778 1779 1
1778 1714 1
1778 1842 1
1779 1778 1
1779 1780 1
1779 1715 1
1779 1843 1
1780 1779 1
1780 1781 1
1780 1716 1
1780 1844 1
1781 1780 1
1781 1782 1
1781 1717 1
1781 1845 1
1782 1781 1
1782 1783 1
1782 1718 1
1782 1846 1
1783 1782 1
1783 1784 1
1783 1719 1
1783 1847 1
1784 1783 1
1784 1785 1
1784 1720 1
1784 1848 1
1785 1784 1
1785 1786 1
1785 1721 1
1785 1849 1
1786 1785 1
1786 1787 1
1786 1722 1
1786 1850 1
1787 1786 1
1787 1788 1
1787 1723 1
1787 1851 1
1788 1787 1
1788 1789 1
1788 1724 1
1788 1852 1
1789 1788 1
1789 1790 1
1789 1725 1
1789 1853 1
1790 1789 1
1790 1791 1
1790 1726 1
1790 1854 1
1791 1790 1
1791 1792 1
1791 1727 1
1791 1855 1
1792 1791 1
1792 1793 1
1792 1728 1
1792 1856 1
1793 1792 1
1793 1794 1
1793 1729 1
1793 1857 1
1794 1793 1
1794 1795 1
1794 1730 1
1794 1858 1
1795 1794 1
1795 1796 1
1795 1731 1
1795 1859 1
1796 1795 1
1796 1797 1
1796 1732 1
1796 1860 1
1797 1796 1
1797 1798 1
1797 1733 1
1797 1861 1
1798 1797 1
1798 1799 1
1798 1734 1
1798 1862 1
1799 1798 1
1799 1800 1
1799 1735 1
1799 1863 1
1800 1799 1
1800 1801 1
1800 1736 1
1800 1864 1
1801 1800 1
1801 1802 1
1801 1737 1
1801 1865 1
1802 1801 1
1802 1803 1
1802 1738 1
1802 1866 1
1803 1802 1
1803 1804 1
1803 1739 1
1803 1867 1
1804 1803 1
1804 1805 1
1804 1740 1
1804 1868 1
1805 1804 1
1805 1806 1
1805 1741 1
1805 1869 1
1806 1805 1
1806 1807 1
1806 1742 1
1806 1870 1
1807 1806 1
1807 1808 1
1807 1743 1
1807 1871 1
1808 1807 1
1808 1809 1
1808 1744 1
1808 1872 1
1809 1808 1
1809 1810 1
1809 1745 1
1809 1873 1
1810 1809 1
1810 1811 1
1810 1746 1
1810 1874 1
1811 1810 1
1811 1812 1
1811 1747 1
1811 1875 1
1812 1811 1
1812 1813 1
1812 1748 1
1812 1876 1
1813 1812 1
1813 1814 1
1813 1749 1
1813 1877 1
1814 1813 1
1814 1815 1
1814 1750 1
1814 1878 1
1815 1814 1
1815 1816 1
1815 1751 1
1815 1879 1
1816 1815 1
1816 1817 1
1816 1752 1
1816 1880 1
1817 1816 1
1817 1818 1
1817 1753 1
1817 1881 1
1818 1817 1
1818 1819 1
1818 1754 1
1818 1882 1
1819 1818 1
1819 1820 1
1819 1755 1
1819 1883 1
1820 1819 1
1820 1821 1
1820 1756 1
1820 1884 1
1821 1820 1
1821 1757 1
1821 1885 1
1822 1823 1
1822 1758 1
1822 1886 1
1823 1822 1
1823 1824 1
1823 1759 1
1823 1887 1
1824 1823 1
1824 1825 1
1824 1760 1
1824 1888 1
1825 1824 1
1825 1826 1
1825 1761 1
1825 1889 1
1826 1825 1
1826 1827 1
1826 1762 1
1826 1890 1
1827 1826 1
1827 1828 1
1827 1763 1
1827 1891 1
1828 1827 1
1828 1829 1
1828 1764 1
1828 1892 1
1829 1828 1
1829 1830 1
1829 1765 1
1829 1893 1
1830 1829 1
1830 1831 1
1830 1766 1
1830 1894 1
1831 1830 1
1831 1832 1
1831 1767 1
1831 1895 1
1832 1831 1
1832 1833 1
1832 1768 1
1832 1896 1
1833 1832 1
1833 1834 1
1833 1769 1
1833 1897 1
1834 1833 1
1834 1835 1
1834 1770 1
1834 1898 1
1835 1834 1
1835 1836 1
1835 1771 1
1835 1899 1
1836 1835 1
1836 1837 1
1836 1772 1
1836 1900 1
1837 1836 1
1837 1838 1
1837 1773 1
1837 1901 1
1838 1837 1
1838 1839 1
1838 1774 1
1838 1902 1
1839 1838 1
1839 1840 1
1839 1775 1
1839 1903 1
1840 1839 1
1840 1841 1
1840 1776 1
1840 1904 1
1841 1840 1
1841 1842 1
1841 1777 1
1841 1905 1
1842 1841 1
1842 1843 1
1842 1778 1
1842 1906 1
1843 1842 1
1843 1844 1
1843 1779 1
1843 1907 1
1844 1843 1
1844 1845 1
1844 1780 1
1844 1908 1
1845 1844 1
1845 1846 1
1845 1781 1
1845 1909 1
1846 1845 1
1846 1847 1
1846 1782 1
1846 1910 1
1847 1846 1
1847 1848 1
1847 1783 1
1847 1911 1
1848 1847 1
1848 1849 1
1848 1784 1
1848 1912 1
1849 1848 1
1849 1850 1
1849 1785 1
1849 1913 1
1850 1849 1
1850 1851 1
1850 1786 1
1850 1914 1
1851 1850 1
1851 1852 1
1851 1787 1
1851 1915 1
1852 1851 1
1852 1853 1
1852 1788 1
1852 1916 1
1853 1852 1
1853 1854 1
1853 1789 1
1853 1917 1
1854 1853 1
1854 1855 1
1854 1790 1
1854 1918 1
1855 1854 1
1855 1856 1
1855 1791 1
1855 1919 1
1856 1855 1
1856 1857 1
1856 1792 1
1856 1920 1
1857 1856 1
1857 1858 1
1857 1793 1
1857 1921 1
1858 1857 1
1858 1859 1
1858 1794 1
1858 1922 1
1859 1858 1
1859 1860 1
1859 1795 1
1859 1923 1
1860 1859 1
1860 1861 1
1860 1796 1
1860 1924 1
1861 1860 1
1861 1862 1
1861 1797 1
1861 1925 1
1862 1861 1
1862 1863 1
1862 1798 1
1862 1926 1
1863 1862 1
1863 1864 1
1863 1799 1
1863 1927 1
1864 1863 1
1864 1865 1
1864 1800 1
1864 1928 1
1865 1864 1
1865 1866 1
1865 1801 1
1865 1929 1
1866 1865 1
1866 1867 1
1866 1802 1
1866 1930 1
1867 1866 1
1867 1868 1
1867 1803 1
1867 1931 1
1868 1867 1
1868 1869 1
1868 1804 1
1868 1932 1
1869 1868 1
1869 1870 1
1869 1805 1
1869 1933 1
1870 1869 1
1870 1871 1
1870 1806 1
1870 1934 1
1871 1870 1
1871 1872 1
1871 1807 1
1871 1935 1
1872 1871 1
1872 1873 1
1872 1808 1
1872 1936 1
1873 1872 1
1873 1874 1
1873 1809 1
1873 1937 1
1874 1873 1
1874 1875 1
1874 1810 1
1874 1938 1
1875 1874 1
1875 1876 1
1875 1811 1
1875 1939 1
1876 1875 1
1876 1877 1
1876 1812 1
1876 1940 1
1877 1876 1
1877 1878 1
1877 1813 1
1877 1941 1
1878 1877 1
1878 1879 1
1878 1814 1
1878 1942 1
1879 1878 1
1879 1880 1
1879 1815 1
1879 1943 1
1880 1879 1
1880 1881 1
1880 1816 1
1880 1944 1
1881 1880 1
1881 1882 1
1881 1817 1
1881 1945 1
1882 1881 1
1882 1883 1
1882 1818 1
1882 1946 1
1883 1882 1
1883 1884 1
1883 1819 1
1883 1947 1
1884 1883 1
1884 1885 1
1884 1820 1
1884 1948 1
1885 1884 1
1885 1821 1
1885 1949 1
1886 1887 1
1886 1822 1
1886 1950 1
1887 1886 1
1887 1888 1
1887 1823 1
1887 1951 1
1888 1887 1
1888 1889 1
1888 1824 1
1888 1952 1
1889 1888 1
1889 1890 1
1889 1825 1
1889 1953 1
1890 1889 1
1890 1891 1
1890 1826 1
1890 1954 1
1891 1890 1
1891 1892 1
1891 1827 1
1891 1955 1
1892 1891 1
1892 1893 1
1892 1828 1
1892 1956 1
1893 1892 1
1893 1894 1
1893 1829 1
1893 1957 1
1894 1893 1
1894 1895 1
1894 1830 1
1894 1958 1
1895 1894 1
1895 1896 1
1895 1831 1
1895 1959 1
1896 1895 1
1896 1897 1
1896 1832 1
1896 1960 1
1897 1896 1
1897 1898 1
1897 1833 1
1897 1961 1
1898 1897 1
1898 1899 1
1898 1834 1
1898 1962 1
1899 1898 1
1899 1900 1
1899 1835 1
1899 1963 1
1900 1899 1
1900 1901 1
1900 1836 1
1900 1964 1
1901 1900 1
1901 1902 1
1901 1837 1
1901 1965 1
1902 1901 1
1902 1903 1
1902 1838 1
1902 1966 1
1903 1902 1
1903 1904 1
1903 1839 1
1903 1967 1
1904 1903 1
1904 1905 1
1904 1840 1
1904 1968 1
1905 1904 1
1905 1906 1
1905 1841 1
1905 1969 1
1906 1905 1
1906 1907 1
1906 1842 1
1906 1970 1
1907 1906 1
1907 1908 1
1907 1843 1
1907 1971 1
1908 1907 1
1908 1909 1
1908 1844 1
1908 1972 1
1909 1908 1
1909 1910 1
1909 1845 1
1909 1973 1
1910 1909 1
1910 1911 1
1910 1846 1
1910 1974 1
1911 1910 1
1911 1912 1
1911 1847 1
1911 1975 1
1912 1911 1
1912 1913 1
1912 1848 1
1912 1976 1
1913 1912 1
1913 1914 1
1913 1849 1
1913 1977 1
1914 1913 1
1914 1915 1
1914 1850 1
1914 1978 1
1915 1914 1
1915 1916 1
1915 1851 1
1915 1979 1
1916 1915 1
1916 1917 1
1916 1852 1
1916 1980 1
1917 1916 1
1917 1918 1
1917 1853 1
1917 1981 1
1918 1917 1
1918 1919 1
1918 1854 1
1918 1982 1
1919 1918 1
1919 1920 1
1919 1855 1
1919 1983 1
1920 1919 1
1920 1921 1
1920 1856 1
1920 1984 1
1921 1920 1
1921 1922 1
1921 1857 1
1921 1985 1
1922 1921 1
1922 1923 1
1922 1858 1
1922 1986 1
1923 1922 1
1923 1924 1
1923 1859 1
1923 1987 1
1924 1923 1
1924 1925 1
1924 1860 1
1924 1988 1
1925 1924 1
1925 1926 1
1925 1861 1
1925 1989 1
1926 1925 1
1926 1927 1
1926 1862 1
1926 1990 1
1927 1926 1
1927 1928 1
1927 1863 1
1927 1991 1
1928 1927 1
1928 1929 1
1928 1864 1
1928 1992 1
1929 1928 1
1929 1930 1
1929 1865 1
1929 1993 1
1930 1929 1
1930 1931 1
1930 1866 1
1930 1994 1
1931 1930 1
1931 1932 1
1931 1867 1
1931 1995 1
1932 1931 1
1932 1933 1
1932 1868 1
1932 1996 1
1933 1932 1
1933 1934 1
1933 1869 1
1933 1997 1
1934 1933 1
1934 1935 1
1934 1870 1
1934 1998 1
1935 1934 1
1935 1936 1
1935 1871 1
1935 1999 1
1936 1935 1
1936 1937 1
1936 1872 1
1936 2000 1
1937 1936 1
1937 1938 1
1937 1873 1
1937 2001 1
1938 1937 1
1938 1939 1
1938 1874 1
1938 2002 1
1939 1938 1
1939 1940 1
1939 1875 1
1939 2003 1
1940 1939 1
1940 1941 1
1940 1876 1
1940 2004 1
1941 1940 1
1941 1942 1
1941 1877 1
1941 2005 1
1942 1941 1
1942 1943 1
1942 1878 1
1942 2006 1
1943 1942 1
1943 1944 1
1943 1879 1
1943 2007 1
1944 1943 1
1944 1945 1
1944 1880 1
1944 2008 1
1945 1944 1
1945 1946 1
1945 1881 1
1945 2009 1
1946 1945 1
1946 1947 1
1946 1882 1
1946 2010 1
1947 1946 1
1947 1948 1
1947 1883 1
1947 2011 1
1948 1947 1
1948 1949 1
1948 1884 1
1948 2012 1
1949 1948 1
1949 1885 1
1949 2013 1
1950 1951 1
1950 1886 1
1951 1950 1
1951 1952 1
1951 1887 1
1952 1951 1
1952 1953 1
1952 1888 1
1953 1952 1
1953 1954 1
1953 1889 1
1954 1953 1
1954 1955 1
1954 1890 1
1955 1954 1
1955 1956 1
1955 1891 1
1956 1955 1
1956 1957 1
1956 1892 1
1957 1956 1
1957 1958 1
1957 1893 1
1958 1957 1
1958 1959 1
1958 1894 1
1959 1958 1
1959 1960 1
1959 1895 1
1960 1959 1
1960 1961 1
1960 1896 1
1961 1960 1
1961 1962 1
1961 1897 1
1962 1961 1
1962 1963 1
1962 1898 1
1963 1962 1
1963 1964 1
1963 1899 1
1964 1963 1
1964 1965 1
1964 1900 1
1965 1964 1
1965 1966 1
1965 1901 1
1966 1965 1
1966 1967 1
1966 1902 1
1967 1966 1
1967 1968 1
1967 1903 1
1968 1967 1
1968 1969 1
1968 1904 1
1969 1968 1
1969 1970 1
1969 1905 1
1970 1969 1
1970 1971 1
1970 1906 1
1971 1970 1
1971 1972 1
1971 1907 1
1972 1971 1
1972 1973 1
1972 1908 1
1973 1972 1
1973 1974 1
1973 1909 1
1974 1973 1
1974 1975 1
1974 1910 1
1975 1974 1
1975 1976 1
1975 1911 1
1976 1975 1
1976 1977 1
1976 1912 1
1977 1976 1
1977 1978 1
1977 1913 1
1978 1977 1
1978 1979 1
1978 1914 1
1979 1978 1
1979 1980 1
1979 1915 1
1980 1979 1
1980 1981 1
1980 1916 1
1981 1980 1
1981 1982 1
1981 1917 1
1982 1981 1
1982 1983 1
1982 1918 1
1983 1982 1
1983 1984 1
1983 1919 1
1984 1983 1
1984 1985 1
1984 1920 1
1985 1984 1
1985 1986 1
1985 1921 1
1986 1985 1
1986 1987 1
1986 1922 1
1987 1986 1
1987 1988 1
1987 1923 1
1988 1987 1
1988 1989 1
1988 1924 1
1989 1988 1
1989 1990 1
1989 1925 1
1990 1989 1
1990 1991 1
1990 1926 1
1991 1990 1
1991 1992 1
1991 1927 1
1992 1991 1
1992 1993 1
1992 1928 1
1993 1992 1
1993 1994 1
1993 1929 1
1994 1993 1
1994 1995 1
1994 1930 1
1995 1994 1
1995 1996 1
1995 1931 1
1996 1995 1
1996 1997 1
1996 1932 1
1997 1996 1
1997 1998 1
1997 1933 1
1998 1997 1
1998 1999 1
1998 1934 1
1999 1998 1
1999 2000 1
1999 1935 1
2000 1999 1
2000 2001 1
2000 1936 1
2001 2000 1
2001 2002 1
2001 1937 1
2002 2001 1
2002 2003 1
2002 1938 1
2003 2002 1
2003 2004 1
2003 1939 1
2004 2003 1
2004 2005 1
2004 1940 1
2005 2004 1
2005 2006 1
2005 1941 1
2006 2005 1
2006 2007 1
2006 1942 1
2007 2006 1
2007 2008 1
2007 1943 1
2008 2007 1
2008 2009 1
2008 1944 1
2009 2008 1
2009 2010 1
2009 1945 1
2010 2009 1
2010 2011 1
2010 1946 1
2011 2010 1
2011 2012 1
2011 1947 1
2012 2011 1
2012 2013 1
2012 1948 1
2013 2012 1
2013 1949 1
